2 0.621171875 0.49331250000000004 0.05512499999999996 0.034468749999999916
2 0.691765625 0.500953125 0.08018750000000008 0.07193749999999995
2 0.620734375 0.21709375 0.054953124999999936 0.03885937500000001
6 0.61515625 0.18259375 0.034421874999999956 0.015171875000000012
6 0.6465156249999999 0.1853125 0.03309374999999992 0.020624999999999984
2 0.691671875 0.210890625 0.07964062500000005 0.06710937499999999
2 0.693125 0.7860625 0.08254687500000006 0.06745312499999993
2 0.621484375 0.7930625 0.05334374999999998 0.04081250000000001
6 0.61425 0.753328125 0.034187499999999996 0.02385937499999997
6 0.6490625 0.7535624999999999 0.04285937499999992 0.03368749999999991
6 0.642078125 0.51940625 0.02265625 0.030984374999999887
6 0.6145937499999999 0.5339218750000001 0.03018750000000008 0.0194218750000001
7 0.664890625 0.607859375 0.09639062500000009 0.09853124999999992
7 0.6665 0.67834375 0.107421875 0.09574999999999996
8 0.5656718749999999 0.7329375 0.17132812500000014 0.16101562500000002
8 0.59540625 0.7326718750000001 0.26898437499999994 0.17435937500000004
8 0.6003125 0.5430625 0.25971875000000005 0.158
8 0.5614843749999999 0.546484375 0.17165625 0.13879687500000007