2 0.5220625 0.37064062499999995 0.058578125000000016 0.03671875
2 0.6359375 0.38171875 0.071875 0.045031250000000037
2 0.425484375 0.396265625 0.06831250000000004 0.04142187499999998
2 0.7625781249999999 0.33040624999999996 0.12382812499999991 0.0850625
7 0.41371874999999997 0.49876562500000005 0.09493749999999998 0.10623437500000002
7 0.53421875 0.46575000000000005 0.08143750000000001 0.08931250000000013
7 0.64759375 0.47509375 0.10285937500000006 0.08790624999999999
7 0.757453125 0.503828125 0.13507812500000008 0.14984374999999997
2 0.52134375 0.20453125 0.05123437499999994 0.03340624999999999
8 0.423796875 0.18409375 0.05256249999999998 0.018171874999999994
8 0.637109375 0.19254687499999998 0.06403125000000003 0.03396874999999999
8 0.7625 0.24140625 0.125 0.0828125
6 0.6308125 0.41959374999999993 0.03507812500000007 0.01932812500000001
6 0.519484375 0.40821874999999996 0.027437499999999913 0.021109374999999986
6 0.43832812499999996 0.433109375 0.028078125000000044 0.019562499999999972
6 0.7445468749999999 0.40778125000000004 0.06909375000000004 0.03810937499999998
8 0.761921875 0.226953125 0.12615625000000003 0.10390625
8 0.52234375 0.195046875 0.05993750000000002 0.040078125000000006
8 0.641 0.48103125 0.12092187499999998 0.2493281249999999
8 0.72509375 0.47984375 0.1998125 0.3876093749999999
8 0.7328125 0.759375 0.184375 0.128125
8 0.514234375 0.48873437499999994 0.14640625000000007 0.27589062499999994
8 0.42064062500000005 0.51171875 0.12214062500000007 0.275