2 0.24528124999999998 0.43578124999999995 0.045624999999999985 0.04304687499999993
5 0.38335937499999995 0.584171875 0.07439062499999997 0.03778124999999992
5 0.4463125 0.531265625 0.07750000000000004 0.04801562500000003
5 0.605953125 0.465 0.07315625000000008 0.07618749999999999
5 0.581890625 0.26540625 0.05178124999999998 0.031937499999999994
5 0.48168749999999994 0.28445312500000003 0.0411249999999999 0.025390625
5 0.37784375 0.32284375 0.023171874999999974 0.012875000000000015
6 0.24285937500000002 0.47000000000000003 0.023281249999999965 0.01925000000000008
1 0.300109375 0.604046875 0.02396875000000005 0.032874999999999946
6 0.3764375 0.33942187500000004 0.013656250000000014 0.010296875000000049
6 0.47817187499999997 0.318671875 0.0229375000000001 0.020156249999999966
6 0.585984375 0.30615625 0.03096875000000008 0.02414062499999998
6 0.6298125 0.515015625 0.04049999999999994 0.028921874999999986
6 0.44654687499999995 0.594921875 0.042281249999999916 0.021328124999999965
7 0.301765625 0.50634375 0.08753124999999998 0.083015625
7 0.35703125 0.716171875 0.20029687500000004 0.20579687500000005
7 0.46414062500000003 0.6270781249999999 0.0796875 0.11910937500000003
7 0.67896875 0.557328125 0.17007812500000002 0.16935937499999998
7 0.593828125 0.372953125 0.10423437500000006 0.10409375000000001
7 0.483 0.38434375 0.07054687499999997 0.12026562499999996
7 0.3828125 0.366390625 0.044265624999999933 0.03970312499999995
8 0.379421875 0.39826562499999996 0.059812500000000046 0.1681875
8 0.28496875 0.522296875 0.12312500000000001 0.21759374999999997
8 0.39453125 0.69375 0.2859375 0.2609375
8 0.47340625000000003 0.633890625 0.15401562499999993 0.27784375000000006
8 0.669078125 0.598484375 0.25518750000000007 0.3454062499999999
8 0.48373437500000005 0.40464062500000003 0.10324999999999988 0.27246875
8 0.59728125 0.389015625 0.13392187500000005 0.28807812499999996