8 0.8046875 0.58203125 0.040625 0.484375
8 0.8026562500000001 0.24565625 0.04467187500000014 0.13974999999999999
8 0.534984375 0.24876562499999996 0.19234375000000004 0.14595312499999996
8 0.45023437499999996 0.25026562500000005 0.147859375 0.14671874999999998
8 0.216515625 0.24134375000000002 0.083015625 0.12887500000000002
8 0.23679687500000002 0.5105000000000001 0.12359375000000002 0.363640625
8 0.228359375 0.7578125 0.10671875000000001 0.1328125
8 0.461796875 0.48864062500000005 0.15090625000000002 0.33776562500000007
8 0.5316875000000001 0.5403593750000001 0.19024999999999997 0.45237499999999997
1 0.41076562499999997 0.49990625 0.030968749999999944 0.050046874999999956
7 0.21521875000000001 0.5025625 0.08043750000000001 0.29642187500000006
7 0.21315625000000002 0.237875 0.07631250000000003 0.11303125000000003
7 0.80546875 0.2234375 0.0390625 0.0953125
7 0.80703125 0.4171875 0.0359375 0.1171875
11 0.526359375 0.427578125 0.15281249999999993 0.1643125
11 0.43537499999999996 0.422125 0.07128125 0.146703125
11 0.4375 0.2296875 0.065625 0.1078125
11 0.5295156249999999 0.23239062500000002 0.1434687499999999 0.10875000000000001
2 0.5824374999999999 0.29537500000000005 0.07521874999999997 0.04051562500000001
2 0.4848906250000001 0.293796875 0.0743281249999999 0.046296874999999994
2 0.487328125 0.3401875 0.07696874999999999 0.05201562500000003
2 0.57990625 0.342171875 0.07909375 0.05154687500000001