2 0.352796875 0.47478125000000004 0.055656250000000004 0.0287968750000001
2 0.47620312499999995 0.4729375 0.0412968750000001 0.03179687500000004
2 0.395375 0.51034375 0.02251562500000004 0.024046874999999978
2 0.57884375 0.20632812500000003 0.050156250000000034 0.05440624999999999
2 0.58134375 0.3610625 0.05517187500000009 0.04914062499999998
6 0.5970625 0.182640625 0.03303124999999998 0.013718750000000002
6 0.59246875 0.390921875 0.032781250000000026 0.021812499999999922
6 0.48507812499999997 0.4960625 0.016640624999999964 0.013343749999999942
6 0.38671875 0.5298437500000001 0.014125000000000032 0.013937500000000113
6 0.351328125 0.493078125 0.030421874999999952 0.016296874999999923
11 0.3075 0.558234375 0.11017187499999999 0.07295312500000009
7 0.37507812500000004 0.5555937500000001 0.03995312499999999 0.034171875000000004
7 0.4897187499999999 0.5390312500000001 0.05942187499999996 0.07473437499999988
7 0.698796875 0.42853125 0.16506249999999997 0.14390625000000004
7 0.673171875 0.19240625 0.10042187499999997 0.03325
8 0.682796875 0.48715624999999996 0.28440624999999997 0.30243749999999997
8 0.316109375 0.5436875000000001 0.22681249999999994 0.17526562500000012
8 0.3750625 0.53721875 0.05567187500000004 0.082234375
8 0.47140624999999997 0.567625 0.11056249999999998 0.22248437499999998