2 0.734671875 0.336 0.08289062499999993 0.08149999999999995
2 0.258875 0.388328125 0.07964062499999995 0.07937500000000001
6 0.718703125 0.185546875 0.039718749999999935 0.01953125
6 0.7195 0.387984375 0.03459374999999998 0.02487499999999998
6 0.263375 0.44982812499999997 0.01743749999999995 0.023562499999999886
1 0.298015625 0.47320312500000006 0.06662499999999998 0.06582812499999999
1 0.24982812499999998 0.500515625 0.06400000000000006 0.04456249999999997
1 0.715203125 0.45365625000000004 0.07287499999999998 0.0401250000000001
1 0.756375 0.490453125 0.04474999999999998 0.04400000000000013
2 0.257625 0.19639062499999999 0.08184374999999999 0.04120312500000001
8 0.7190624999999999 0.22604687500000004 0.10964062499999994 0.09607812500000001
2 0.737390625 0.22949999999999998 0.07484374999999996 0.08289062500000002
7 0.690234375 0.47554687500000004 0.12785937500000005 0.1865781250000001
7 0.278671875 0.517109375 0.14178125000000003 0.14470312500000002
8 0.271265625 0.542765625 0.19251562500000002 0.38575
8 0.696765625 0.555328125 0.20565625 0.5247187499999999