2 0.41875 0.319109375 0.05525000000000002 0.04442187500000001
2 0.603890625 0.32459375 0.06464062500000001 0.04903124999999999
2 0.3345625 0.30681250000000004 0.024296875000000016 0.019187499999999958
2 0.381953125 0.31696875 0.031218750000000028 0.01878124999999997
2 0.231640625 0.32940625 0.025718750000000058 0.019562499999999972
2 0.19273437499999999 0.301375 0.023812500000000014 0.019265624999999974
2 0.22125 0.3130625 0.024546874999999968 0.015609375000000014
2 0.368671875 0.301015625 0.019343749999999993 0.014296874999999964
6 0.23765624999999999 0.345203125 0.007312500000000011 0.00770312500000001
4 0.331609375 0.323 0.011328125 0.011374999999999958
6 0.379671875 0.33765625 0.008890624999999996 0.011843749999999976
6 0.430875 0.36007812499999997 0.027156249999999993 0.020624999999999984
6 0.60484375 0.36425 0.02776562499999997 0.019374999999999965
11 0.6139218750000001 0.44632812499999996 0.08918750000000006 0.15707812499999996
11 0.407203125 0.4526875 0.10721875 0.1710000000000001
11 0.34003125 0.348203125 0.030593749999999975 0.056984374999999955
11 0.20842187499999998 0.33976562499999996 0.02098437500000001 0.020890625000000006
11 0.182765625 0.3586875 0.034250000000000023 0.06714062500000004
7 0.21934375 0.384125 0.039203124999999985 0.07353125
7 0.36371875 0.342546875 0.014265624999999994 0.032468750000000046
7 0.376421875 0.37301562499999996 0.04325000000000001 0.06453125000000001
8 0.18665625000000002 0.3835624999999999 0.043546875000000006 0.18298437500000003
8 0.21609375000000003 0.39071875 0.03871874999999998 0.17085937500000004
8 0.22271875 0.405671875 0.04235937500000002 0.17551562500000006
8 0.33259375 0.37960937499999997 0.05418750000000001 0.17028125000000002
8 0.367671875 0.380671875 0.03539062499999997 0.173609375
8 0.37809375 0.34376562499999996 0.03579687500000004 0.07095312499999995
8 0.40160937499999994 0.52525 0.12753125 0.45915625000000004
8 0.623828125 0.502875 0.116203125 0.4035781250000001