2 0.548015625 0.557234375 0.12664062499999992 0.10023437499999996
6 0.529203125 0.6319375 0.023046875 0.023937500000000077
2 0.24867187500000001 0.6541406249999999 0.130375 0.10306250000000006
2 0.683078125 0.46107812500000006 0.10335937499999996 0.07804687500000007
1 0.628015625 0.518515625 0.03142187500000002 0.04537499999999994
1 0.48715624999999996 0.6625156249999999 0.046609374999999884 0.03128124999999997
1 0.46120312499999994 0.6666562500000001 0.032874999999999946 0.036093750000000036
1 0.3343125 0.6850625 0.029109374999999993 0.04684375000000003
1 0.31579687500000003 0.665515625 0.03200000000000003 0.04248437500000009
7 0.26156250000000003 0.7326406249999999 0.154421875 0.022218750000000044
7 0.567640625 0.6931406250000001 0.14506250000000004 0.10121874999999995
7 0.700984375 0.6341093750000001 0.16868750000000005 0.21926562499999988
8 0.69453125 0.5828125 0.2109375 0.321875
8 0.5392812499999999 0.6254375 0.20639062500000005 0.23662500000000009
8 0.276953125 0.6723125 0.230359375 0.14287500000000009