8 0.212796875 0.5473281249999999 0.10690625000000002 0.4256406250000001
8 0.1515625 0.54375 0.084375 0.4328125
8 0.371671875 0.5602031249999999 0.12687500000000002 0.39990625
8 0.5078125 0.55859375 0.146875 0.403125
8 0.6546875 0.54375 0.11875 0.4328125
8 0.753125 0.559375 0.1125 0.4015625
6 0.734328125 0.42003124999999997 0.034140625000000036 0.020296875000000013
6 0.620046875 0.40246875 0.02251562499999995 0.031140624999999967
6 0.5063124999999999 0.42356249999999995 0.037687500000000006 0.02368749999999995
6 0.378390625 0.41621874999999997 0.03734374999999997 0.02368749999999995
6 0.250625 0.402734375 0.031828125000000006 0.022468749999999992
6 0.171984375 0.40346875000000004 0.034468750000000006 0.03679687499999997
5 0.15948437499999998 0.352453125 0.066453125 0.03771874999999998
5 0.22395312499999998 0.35484375 0.070390625 0.03881249999999996
5 0.37798437499999993 0.372125 0.045734374999999924 0.023749999999999983
5 0.5058125 0.37346874999999996 0.056906250000000116 0.030109374999999973
5 0.64671875 0.34778125 0.06320312500000007 0.03937499999999998
5 0.742203125 0.37526562500000005 0.057265624999999966 0.03004687500000003
7 0.74453125 0.522546875 0.07476562500000003 0.17937500000000012
7 0.660203125 0.5280781250000001 0.08993749999999992 0.22718750000000015
7 0.50309375 0.52821875 0.112109375 0.1870468749999999
7 0.373265625 0.5036406250000001 0.08960937500000003 0.14709374999999997
7 0.21593749999999998 0.5106718750000001 0.094796875 0.19056250000000005
7 0.1410625 0.535484375 0.063375 0.2659218750000001