2 0.37318749999999995 0.279859375 0.10721874999999996 0.08921875000000004
2 0.7265937499999999 0.32003125 0.13754687499999996 0.09240624999999998
2 0.47257812499999996 0.19925 0.070109375 0.05653125000000003
5 0.283421875 0.46428125 0.10120312499999998 0.05356249999999996
5 0.504046875 0.39045312499999996 0.1049687500000001 0.043031249999999986
9 0.642953125 0.10059375 0.131640625 0.054328124999999984
19 0.612 0.46846875 0.400984375 0.6056874999999999
6 0.46851562500000005 0.260640625 0.04837500000000006 0.030671874999999994
6 0.73525 0.41365625 0.09121874999999999 0.06170312500000001
6 0.36148437499999997 0.361640625 0.06868749999999997 0.05453124999999996
6 0.5055937500000001 0.48529687499999996 0.0694218750000001 0.04873437500000009
6 0.29178125 0.5610937500000001 0.066796875 0.05343750000000007
7 0.318015625 0.6936093750000001 0.18175 0.24035937500000007
7 0.520171875 0.63065625 0.20170312499999987 0.24881250000000002
7 0.7510625 0.608234375 0.12285937499999999 0.33521874999999995
11 0.345671875 0.4703125 0.17768750000000005 0.218765625
7 0.463203125 0.313 0.10649999999999996 0.129109375
8 0.476875 0.27531249999999996 0.14635937499999993 0.20999999999999996
8 0.73309375 0.621875 0.158796875 0.69375
8 0.53134375 0.66796875 0.25528125 0.6015625
8 0.333640625 0.7015625 0.24114062499999997 0.534375
8 0.339078125 0.4166875 0.25826562499999994 0.36775