2 0.46106250000000004 0.557578125 0.098046875 0.06776562500000001
2 0.446953125 0.39035937500000006 0.0745312499999999 0.07892187500000003
2 0.31315625 0.41176562499999997 0.04078125000000003 0.026640624999999973
6 0.451640625 0.4149062499999999 0.02714062500000001 0.026703124999999873
6 0.47839062499999996 0.6113125 0.01814062500000002 0.02887500000000003
7 0.303515625 0.47221875 0.04026562499999997 0.06320312500000007
7 0.397609375 0.49209375 0.1253125 0.1685625
7 0.43378125 0.70615625 0.13828125 0.184171875
8 0.309890625 0.458 0.04989062500000001 0.11598437500000003
8 0.41346875 0.5064375 0.144546875 0.31910937500000003
8 0.462125 0.719671875 0.21373437499999995 0.3768437499999999