7 0.6578125 0.26015625 0.096875 0.0421875
7 0.67371875 0.32159375 0.12799999999999995 0.126453125
7 0.258671875 0.34146875000000004 0.1398125 0.19929687499999993
7 0.332296875 0.2875 0.06465625 0.06745312500000003
7 0.137015625 0.47787500000000005 0.05528124999999999 0.218421875
2 0.16443750000000001 0.29500000000000004 0.11012500000000003 0.11185937500000005
2 0.579875 0.28696875 0.06715625000000003 0.08295312499999996
2 0.85709375 0.24725000000000003 0.03887500000000017 0.01637500000000003
6 0.88103125 0.2650625 0.01875 0.01707812500000001
6 0.603140625 0.331671875 0.018125000000000037 0.016093750000000018
6 0.321078125 0.25828125 0.029343749999999957 0.02190624999999997
6 0.14315625 0.36753125 0.03746874999999998 0.03267187500000004
1 0.20190625 0.6760625 0.0685625 0.05782812499999999
1 0.371921875 0.3056875 0.015218750000000014 0.03767187500000002
1 0.400984375 0.31906249999999997 0.06784375000000006 0.053390625000000025
1 0.580953125 0.37712500000000004 0.019703125000000023 0.027968749999999966
1 0.61534375 0.46685937499999997 0.020468750000000036 0.030953124999999915
1 0.8678125 0.356296875 0.04562500000000007 0.030421874999999952
1 0.8765468750000001 0.479984375 0.028156249999999973 0.05170312500000005
7 0.8843593750000001 0.36646875 0.012531249999999971 0.15737500000000004
8 0.834609375 0.441703125 0.11203125000000007 0.40528125
8 0.66640625 0.26640625 0.1453125 0.0546875
8 0.64015625 0.42665625 0.19140625 0.3678437499999999
8 0.319765625 0.473453125 0.28773437500000004 0.46878125
8 0.172375 0.5 0.12350000000000003 0.521875