2 0.511953125 0.357828125 0.1270624999999999 0.09118750000000002
0 0.816578125 0.38815625000000004 0.14807812499999998 0.33215625000000004
5 0.388171875 0.4880625 0.007609375000000007 0.004609375000000071
5 0.34946875 0.48089062499999996 0.008656250000000032 0.006187500000000057
5 0.340203125 0.48778125 0.006718750000000018 0.0046875
7 0.389078125 0.5083593750000001 0.013874999999999993 0.018406249999999957
7 0.354 0.4995 0.009421874999999958 0.01728125000000009
7 0.3385625 0.5056875 0.014906250000000032 0.017531250000000043
8 0.339484375 0.518390625 0.02184375000000003 0.06781249999999997
8 0.352375 0.49453125 0.015749999999999976 0.033500000000000085
8 0.37289062500000003 0.501203125 0.019796875000000026 0.0391718749999999
7 0.3741875 0.5011875 0.015374999999999962 0.020640625000000058
7 0.389109375 0.514765625 0.01779687499999998 0.05990625000000005
11 0.48645312500000004 0.613171875 0.22025 0.32906250000000004
6 0.51271875 0.44709374999999996 0.07160937500000006 0.04771874999999994
8 0.5609375 0.54375 0.38125 0.4703125