2 0.44996875000000003 0.377421875 0.10548437499999999 0.07731250000000003
2 0.175609375 0.34714062500000004 0.12971875000000002 0.11876562499999999
2 0.694875 0.35940625 0.09332812500000003 0.060890624999999955
2 0.233875 0.36062500000000003 0.03018749999999999 0.046578125000000005
5 0.343390625 0.3704375 0.06632812499999999 0.03754687499999996
6 0.21982812499999999 0.40660937500000005 0.01889062500000005 0.016171875000000037
6 0.17234375 0.44296875 0.040234375 0.04723437500000003
6 0.35034375 0.42176562500000003 0.028156249999999973 0.02290624999999995
6 0.669109375 0.41507812499999996 0.01640625 0.02095312499999995
7 0.68528125 0.55259375 0.14250000000000007 0.256046875
7 0.431359375 0.59721875 0.17109375 0.24462499999999993
7 0.352140625 0.46889062500000006 0.017874999999999995 0.04523437500000007
7 0.28431249999999997 0.5035937500000001 0.09576562499999994 0.17193750000000013
7 0.25792187499999997 0.45896875000000004 0.03431250000000006 0.07576562500000002
7 0.20081249999999998 0.48773437499999994 0.08501562499999997 0.14370312500000004
7 0.15142187499999998 0.5959218749999999 0.084078125 0.24721875000000004
2 0.25959374999999996 0.37454687499999995 0.03415625000000002 0.03364062499999996
6 0.25803125 0.40684375 0.024124999999999997 0.014906249999999944
2 0.308609375 0.401015625 0.012421874999999982 0.015593750000000028
8 0.330515625 0.44418749999999996 0.06143749999999999 0.10521875
8 0.25735937499999995 0.39903125 0.04185937499999994 0.08782812500000006
8 0.209203125 0.52646875 0.11393749999999996 0.38610937500000003
8 0.167703125 0.5017343750000001 0.114296875 0.43559374999999995
8 0.30078125 0.5359375 0.1359375 0.3671875
2 0.439484375 0.5295156249999999 0.2567968749999999 0.38003125000000004
2 0.674546875 0.5234375 0.22345312499999997 0.3921875
21 0.551359375 0.5 0.6611250000000001 0.4390625