2 0.5346875 0.388546875 0.05407812500000002 0.04746874999999999
2 0.282125 0.38784375 0.09604687500000005 0.09732812500000003
2 0.43003125000000003 0.40284375 0.05782812499999999 0.04417187499999997
2 0.7754999999999999 0.324984375 0.10549999999999989 0.06821874999999995
5 0.627390625 0.39853125 0.05859375 0.02917187499999998
5 0.34625 0.3993749999999999 0.041718749999999985 0.037687499999999964
6 0.76846875 0.39296875 0.047296874999999974 0.04678125000000004
6 0.634109375 0.44601562499999997 0.026734375000000022 0.031546874999999905
6 0.531734375 0.431203125 0.029703124999999986 0.018468749999999902
6 0.42390625000000004 0.44693749999999993 0.03096875000000008 0.022359374999999914
6 0.328875 0.45406250000000004 0.03206249999999997 0.02742187499999993
6 0.276765625 0.450015625 0.04042187500000001 0.028968749999999942
7 0.20554687500000002 0.56540625 0.15490625 0.27767187500000007
7 0.31056249999999996 0.5529375 0.030374999999999996 0.17739062499999997
7 0.41389062499999996 0.51846875 0.07862499999999994 0.13103125000000002
7 0.53596875 0.50215625 0.08714062499999997 0.12296875000000007
7 0.66975 0.535546875 0.08146874999999998 0.16281250000000008
7 0.8104218750000001 0.5358906250000001 0.1458906249999999 0.24254687500000002
8 0.8039375 0.5257343750000001 0.17337500000000006 0.4704062499999999
8 0.639765625 0.5716875 0.14284374999999994 0.3785
8 0.53615625 0.547875 0.12860937499999991 0.36948437500000003
8 0.40703125 0.56953125 0.1140625 0.3828125
8 0.32232812499999997 0.5707656249999999 0.09068750000000003 0.3803281250000001
8 0.22317187499999996 0.55009375 0.20668749999999997 0.4216875