2 0.6400781249999999 0.364265625 0.1981406249999999 0.11503125
2 0.4831875 0.41364062500000004 0.1014531250000001 0.07562499999999997
2 0.281625 0.43442187499999996 0.08979687500000004 0.054703124999999984
6 0.291890625 0.493671875 0.05767187499999995 0.03175000000000008
6 0.470453125 0.48721875 0.06446874999999999 0.03693749999999998
6 0.6443749999999999 0.519453125 0.11790625000000006 0.06851562500000004
7 0.728125 0.64375 0.246875 0.18125
7 0.4712187500000001 0.6299374999999999 0.15482812499999993 0.2088750000000001
7 0.30514062500000005 0.5906874999999999 0.12201562500000004 0.15504687500000003
8 0.29765625 0.57109375 0.1984375 0.3265625
8 0.459375 0.55546875 0.184375 0.3578125
8 0.69834375 0.519734375 0.30643750000000003 0.42928125