5 0.483515625 0.250796875 0.039046875000000016 0.020640624999999968
22 0.47173437499999993 0.37687499999999996 0.08396875000000001 0.15153125000000003
5 0.545390625 0.322484375 0.12639062499999998 0.10446875000000003
5 0.731046875 0.333 0.24103124999999997 0.181625
5 0.6215625 0.244 0.029187499999999922 0.01612499999999999
5 0.27221875 0.331578125 0.08512499999999994 0.05159374999999997
6 0.6125468749999999 0.264125 0.01576562500000005 0.010921875000000015
6 0.48996875000000006 0.27271875 0.014921874999999928 0.0125
6 0.5720625 0.40099999999999997 0.0640625 0.053125
6 0.7432500000000001 0.5052031250000001 0.15510937500000005 0.07623437499999994
7 0.62284375 0.308453125 0.050562500000000024 0.06832812499999993
7 0.48315625000000006 0.321109375 0.0467656250000001 0.07234375000000001
7 0.580078125 0.52059375 0.17810937500000001 0.23550000000000004
7 0.791671875 0.6484375 0.11976562499999996 0.23125
7 0.318703125 0.52925 0.17093750000000005 0.2315468750000001
6 0.28709375000000004 0.39823437500000003 0.06231249999999999 0.030984374999999932
8 0.31484375 0.534375 0.2046875 0.459375
8 0.73259375 0.50390625 0.23792187499999998 0.5203125
8 0.6228906249999999 0.3003125 0.05632812499999993 0.12732812500000001
8 0.48723437500000005 0.350421875 0.07906250000000004 0.221875
8 0.604453125 0.5173593750000001 0.23951562499999995 0.49340624999999994