2 0.20821874999999998 0.15346875 0.21392187499999996 0.12835937500000005
1 0.13799999999999998 0.92825 0.09579687500000009 0.09756250000000008
1 0.0953125 0.96015625 0.109375 0.0796875
1 0.818484375 0.805015625 0.16659375000000018 0.1412812500000001
11 0.723234375 0.624625 0.34215625000000005 0.48139062499999985
11 0.31456249999999997 0.5924531249999999 0.493546875 0.555453125
1 0.5807499999999999 0.69275 0.025921874999999872 0.0506718750000001
2 0.69153125 0.2168125 0.16268750000000018 0.11665624999999995
6 0.684765625 0.349046875 0.0911249999999999 0.06415624999999991
6 0.20973437500000003 0.31425000000000003 0.12320312500000004 0.07493750000000006
8 0.2703125 0.5421875 0.540625 0.915625
8 0.76171875 0.57578125 0.4109375 0.8484375