2 0.6839999999999999 0.31887499999999996 0.09709374999999998 0.06409374999999998
2 0.385515625 0.246078125 0.10281250000000001 0.06582812499999999
7 0.358515625 0.3993125 0.13585937499999995 0.15578124999999993
7 0.680203125 0.469921875 0.12296875000000007 0.16084375000000004
1 0.6192968750000001 0.503265625 0.08598437499999996 0.05564062500000002
1 0.568953125 0.5675312499999999 0.07459375000000001 0.059171875000000006
1 0.369671875 0.525984375 0.09120312499999997 0.06314062499999995
6 0.39340625 0.321703125 0.042703124999999974 0.02287499999999998
6 0.6642187500000001 0.38165625 0.04412500000000001 0.026718750000000034
8 0.6498125 0.519421875 0.24299999999999997 0.467421875
8 0.3828125 0.5128281250000001 0.26704687499999996 0.5993281249999999