4 0.757484375 0.455765625 0.15953124999999985 0.11301562500000006
4 0.26985937499999996 0.266 0.19121875 0.16428125
5 0.272296875 0.09709375 0.20998437499999997 0.13898437500000002
5 0.671234375 0.17234375 0.11548437500000013 0.05337499999999999
6 0.6260312499999999 0.260796875 0.059812499999999956 0.03931250000000004
6 0.5106874999999998 0.4963125 0.10343750000000007 0.06934375
5 0.49632812499999995 0.306953125 0.2517968750000001 0.12467187500000003
5 0.7264687500000001 0.28225 0.17389062499999994 0.12387499999999996
7 0.4319218750000001 0.75346875 0.397296875 0.4899374999999999
7 0.19214062500000004 0.5977187500000001 0.37604687499999995 0.723546875
7 0.757453125 0.7517343750000001 0.33656250000000015 0.49340624999999994
8 0.9515625 0.509375 0.096875 0.978125
8 0.664671875 0.22551562500000003 0.14057812500000005 0.16318749999999999
8 0.77109375 0.60703125 0.4578125 0.7796875
8 0.48984375 0.5998281249999999 0.5825624999999999 0.7972187500000001
8 0.19609375 0.51171875 0.3921875 0.9734375