8 0.21129687500000002 0.3940625 0.026296874999999997 0.03475000000000002
8 0.29276562500000003 0.39559375 0.028218750000000004 0.033703125000000035
6 0.299453125 0.39 0.010328125000000021 0.0075937500000000215
6 0.21353125 0.38934375 0.015140624999999996 0.00831249999999999
5 0.20834375 0.37840625 0.016984375000000006 0.006140625000000011
5 0.298359375 0.3818125 0.014937500000000003 0.006843749999999993
7 0.2955 0.40376562499999996 0.02009375000000002 0.015421875000000007
7 0.210890625 0.40159374999999997 0.022078124999999994 0.015812500000000007
5 0.884375 0.415625 0.0125 0.009375
5 0.782171875 0.41568750000000004 0.004218750000000071 0.0024687500000000638
5 0.76890625 0.41581250000000003 0.004828125000000049 0.0037499999999999643
5 0.6296406250000001 0.42104687500000004 0.008187500000000014 0.011312500000000014
5 0.62225 0.43979687500000003 0.012765624999999937 0.009703125000000057
6 0.623578125 0.425203125 0.008234374999999971 0.009750000000000014
6 0.62590625 0.444828125 0.005187500000000078 0.00390625
7 0.88515625 0.44609375 0.0109375 0.0390625
7 0.782265625 0.42628125 0.009015624999999972 0.013953124999999922
7 0.7695937500000001 0.425875 0.00929687500000007 0.012593750000000093
7 0.62046875 0.455484375 0.017406249999999977 0.018546875000000008
7 0.60459375 0.4266875 0.03071874999999995 0.028578124999999944
8 0.6080625000000001 0.4522812500000001 0.04993750000000006 0.08334375000000005
8 0.62190625 0.46434375 0.025906250000000065 0.05982812499999994
8 0.76909375 0.42365624999999996 0.012890625 0.019937499999999986
8 0.7818906250000001 0.42459375 0.011343749999999986 0.020796874999999916
8 0.882984375 0.45968749999999997 0.015281249999999958 0.09715624999999992