7 0.21115625 0.52134375 0.09075 0.1026250000000001
7 0.33040625 0.517015625 0.08843750000000003 0.09762500000000003
7 0.46848437500000006 0.514828125 0.07415625000000006 0.09326562500000009
7 0.58525 0.5070625 0.08526562500000008 0.10160937499999996
7 0.8200312499999999 0.50415625 0.11917187499999997 0.10868749999999991
5 0.8734375 0.42421875 0.034375 0.0546875
5 0.46860937499999994 0.412046875 0.05417187500000011 0.036609374999999965
6 0.213046875 0.43021875000000004 0.03387500000000001 0.021484375
6 0.47009375000000003 0.45885937499999996 0.03695312499999996 0.023609375000000023
6 0.6198125 0.44671874999999994 0.025718750000000058 0.02321875000000002
8 0.76625 0.51403125 0.24875000000000008 0.233203125
8 0.59684375 0.545109375 0.12682812499999993 0.26228125
8 0.44240625 0.530421875 0.21135937499999996 0.278859375
8 0.30371875 0.5842031249999999 0.17109375 0.26878124999999997
8 0.192265625 0.5379375000000001 0.16324999999999998 0.24978125