14 0.06796875 0.5578125 0.1359375 0.13125
14 0.22949999999999998 0.27784375 0.17024999999999996 0.118171875
14 0.59646875 0.47757812499999996 0.5090937499999999 0.5176562499999999
11 0.6074375 0.5004062499999999 0.01917187499999997 0.018656250000000086
11 0.8130000000000001 0.47454687500000003 0.01843749999999993 0.021640625000000035
11 0.7141875 0.27981249999999996 0.017249999999999942 0.02056249999999995
7 0.7180156249999999 0.391421875 0.018249999999999923 0.01943750000000004
2 0.718140625 0.3741875 0.012875000000000015 0.012890625
2 0.8179062500000001 0.45270312500000004 0.012171874999999943 0.010968749999999972
8 0.715234375 0.290671875 0.029812500000000065 0.07034375000000007
8 0.718265625 0.397953125 0.03504687499999992 0.06278124999999997
8 0.8136093750000001 0.490515625 0.030624999999999857 0.08492187500000004
8 0.610375 0.49632812499999995 0.027859375000000065 0.030656250000000006