10 0.49734375000000003 0.45404687500000007 0.04935937500000005 0.09245312500000011
10 0.415828125 0.56634375 0.09884374999999998 0.1920625000000001
10 0.60253125 0.368953125 0.012875000000000015 0.025390625
10 0.5893906250000001 0.37520312499999997 0.011578125000000128 0.025390625
10 0.5697812499999999 0.379828125 0.016140625000000065 0.037765625000000025
10 0.5589062499999999 0.385484375 0.01939062499999995 0.03971874999999998
10 0.5484375 0.39459375 0.0265625 0.04231250000000002
10 0.53340625 0.41654687500000004 0.040234375 0.061203125000000067
8 0.48653124999999997 0.33799999999999997 0.011562499999999965 0.025999999999999978
7 0.48792187499999995 0.33746875 0.008078124999999936 0.010890624999999954
10 0.613984375 0.361 0.011765624999999957 0.015749999999999976
10 0.6228906249999999 0.35954687500000004 0.0076875000000001135 0.017515625000000055
10 0.6297499999999999 0.35876562500000003 0.00890625000000007 0.017515625000000055