10 0.6890625 0.33046875 0.05 0.0546875
10 0.18046875 0.309375 0.0421875 0.05
10 0.978125 0.31640625 0.03125 0.0421875
10 0.43359375 0.3015625 0.0328125 0.0375
10 0.01328125 0.28203125 0.0265625 0.0453125
10 0.04453125 0.27734375 0.0265625 0.0296875
10 0.0796875 0.2796875 0.028125 0.028125
10 0.315625 0.284375 0.028125 0.028125
10 0.40390625 0.2890625 0.0234375 0.028125
10 0.65078125 0.29453125 0.0234375 0.0296875
10 0.85078125 0.29921875 0.0265625 0.0234375
10 0.89296875 0.29765625 0.0265625 0.0234375
10 0.81875 0.28125 0.01875 0.01875
10 0.93984375 0.284375 0.0203125 0.015625