10 0.19593749999999996 0.376765625 0.06999999999999992 0.087890625
10 0.027406249999999945 0.264453125 0.032937499999999884 0.05078125
10 0.09975000000000005 0.217 0.024500000000000098 0.03401562499999997
10 0.935609375 0.19590625 0.024328125000000256 0.03870312499999997
10 0.20521875000000006 0.19610937499999997 0.019796875000000113 0.03284374999999997
10 0.37023437500000006 0.18087499999999998 0.01859375000000014 0.03049999999999997
10 0.5526249999999999 0.174421875 0.02089062499999983 0.02698437499999997
10 0.796171875 0.17657812499999997 0.01732812500000023 0.028156249999999973
10 0.4891718750000001 0.25451562499999997 0.04084375000000016 0.062171874999999946
10 0.6385625000000001 0.21037499999999998 0.03026562499999983 0.04574999999999996
10 0.4852656250000001 0.20059375 0.02676562500000017 0.03870312499999997
10 0.2843125000000001 0.22053124999999998 0.027984375000000127 0.04106249999999996
7 0.6938437499999999 0.10125000000000002 0.01660937500000017 0.027015624999999942
8 0.6955781250000002 0.10920312499999998 0.02250000000000014 0.06698437500000001
22 0.5 0.7171875 1 0.565625