10 0.06232812499999998 0.307375 0.030906249999999958 0.04285937500000001
10 0.44195312500000006 0.30012500000000003 0.030765625000000085 0.040875000000000036
10 0.64471875 0.366703125 0.048812500000000016 0.06779687499999998
10 0.07778124999999995 0.27468750000000003 0.021187499999999915 0.024375000000000036
22 0.5 0.77109375 1 0.4578125
10 0.9380000000000001 0.259484375 0.0237187500000001 0.03654687499999998
10 0.6539375 0.236515625 0.0122187499999999 0.027718750000000014
10 0.5290312500000001 0.227296875 0.012421875000000072 0.019046874999999998
10 0.46139062499999994 0.222421875 0.00799999999999983 0.013203124999999982
10 0.35454687499999993 0.270125 0.020874999999999845 0.032421875
10 0.33343749999999994 0.249796875 0.009921874999999858 0.021078125000000014
10 0.36615625000000007 0.239875 0.010906250000000029 0.02271875000000003
10 0.30628124999999995 0.25456249999999997 0.01417187499999999 0.02474999999999996
10 0.20403124999999997 0.23517187499999997 0.00890625000000007 0.01917187499999997
10 0.19249999999999998 0.240828125 0.009281250000000085 0.018765624999999987
10 0.127265625 0.24817187500000001 0.009656249999999922 0.01782812500000004
10 0.009828125000000031 0.24459375 0.011125000000000006 0.01654687499999996