10 0.071875 0.52265625 0.14375 0.1765625
10 0.451609375 0.4605 0.1001093749999999 0.13662500000000008
10 0.8226093750000001 0.412171875 0.06709375000000009 0.10246875000000007
10 0.01171875 0.33046875 0.0234375 0.0546875
10 0.0046875 0.30546875 0.009375 0.0515625
10 0.2809687500000001 0.256328125 0.015046875000000171 0.028281250000000036
10 0.15187500000000007 0.25328125 0.016250000000000143 0.02531250000000007
10 0.49487500000000006 0.2609375 0.021000000000000085 0.031265624999999984
10 0.7376562499999999 0.265921875 0.028421875000000086 0.03498437499999998
10 0.93396875 0.270015625 0.01795312499999966 0.02754687499999999
10 0.9828125 0.37890625 0.034375 0.0828125
10 0.8404062499999998 0.255078125 0.021437499999999686 0.03201562500000001
10 0.6177812500000002 0.25357812500000004 0.01993750000000034 0.029031250000000064
10 0.45096875000000003 0.25320312500000003 0.020687500000000015 0.028281250000000036
10 0.26309375 0.24739062499999998 0.019937499999999986 0.026046874999999935
10 0.11785937499999992 0.24770312499999997 0.01698437499999983 0.029781249999999915
10 0.9569218750000001 0.35803124999999997 0.06073437499999983 0.13168749999999996
10 0.98828125 0.3578125 0.0234375 0.128125
22 0.5 0.7515625 1 0.496875