10 0.8551875000000001 0.3214375 0.04160937500000017 0.06160937500000001
10 0.31821874999999994 0.324171875 0.04895312499999997 0.051484374999999985
10 0.39507812500000006 0.278546875 0.02140625000000007 0.05709375000000003
22 0.50859375 0.74296875 0.9828125 0.5140625
10 0.6096406249999999 0.23971874999999998 0.016765625000000027 0.028531249999999987
10 0.22937500000000002 0.25001562499999996 0.010671875000000063 0.026828125000000026
10 0.21259375 0.25021875 0.01796875 0.01345312500000002
10 0.33982812500000004 0.22774999999999998 0.012031250000000071 0.01540625000000002
10 0.43717187499999993 0.21915625 0.008812500000000157 0.016437499999999973
10 0.46570312499999994 0.234328125 0.008562500000000028 0.020749999999999956
10 0.47956249999999995 0.236109375 0.020671875000000027 0.013906249999999964
10 0.49096875000000006 0.25212500000000004 0.017437500000000127 0.022468749999999992
10 0.53715625 0.222578125 0.008953125000000029 0.014874999999999972
10 0.5453125 0.217078125 0.004859374999999844 0.011062499999999975
10 0.652671875 0.21759374999999997 0.005640624999999844 0.010921875000000015
10 0.674609375 0.222515625 0.007421875 0.012343749999999964
10 0.74765625 0.22423437499999999 0.006906250000000114 0.01576562499999996
10 0.7704531250000001 0.24089062499999997 0.0104375000000001 0.022640625000000015
10 0.912875 0.24953124999999998 0.00799999999999983 0.01828124999999998
10 0.8336874999999999 0.28064062500000003 0.016671875000000114 0.031234375000000016
10 0.99375 0.2796875 0.0125 0.034375