0 0.3140625 0.646875 0.040625 0.05625
0 0.12454687500000002 0.8435937499999999 0.10601562499999995 0.06531249999999993
10 0.00078125 0.74140625 0.0015625 0.0171875
10 0.013984375000000004 0.74090625 0.0057031250000000085 0.017234374999999958
10 0.085890625 0.75509375 0.006812500000000022 0.015390625000000036
10 0.244546875 0.7010156249999999 0.006406250000000035 0.013499999999999979
10 0.231828125 0.772078125 0.005984374999999975 0.019156249999999986
10 0.206796875 0.790515625 0.006953124999999982 0.02371874999999992
10 0.21595312500000002 0.719859375 0.005484374999999986 0.013687499999999986
2 0.80984375 0.729796875 0.004343749999999957 0.0029062500000000212
11 0.810375 0.737421875 0.005421875000000043 0.008296874999999915
8 0.80975 0.740984375 0.0069218750000001 0.025296875000000087
2 0.729484375 0.81478125 0.0053750000000000854 0.004562500000000113
8 0.72790625 0.8288437500000001 0.009890624999999886 0.03268750000000011
11 0.140765625 0.776203125 0.007218750000000007 0.009078124999999914
11 0.16678125000000002 0.769421875 0.00770312500000001 0.011453125000000064
11 0.18628125 0.7635 0.006140625000000011 0.009468749999999915
11 0.193703125 0.764140625 0.007281250000000039 0.012390624999999923
2 0.1409375 0.7656875000000001 0.005359375000000011 0.0039531249999999575
2 0.167703125 0.7594375 0.005156250000000018 0.004062500000000036
8 0.141078125 0.780484375 0.015500000000000024 0.03301562499999999
8 0.16710937499999998 0.77284375 0.009437500000000033 0.03032812499999995
8 0.18528125 0.76853125 0.01015625 0.02937499999999993
8 0.19346875 0.7697499999999999 0.009562500000000007 0.030734374999999935
11 0.42434374999999996 0.9270625000000001 0.012953124999999944 0.024078125000000127
8 0.4225 0.9350156249999999 0.024609375 0.046015625000000074
2 0.566875 0.8596562499999999 0.008000000000000007 0.005484374999999986
2 0.534125 0.863703125 0.005546874999999929 0.004265625000000028
11 0.53346875 0.8739531250000001 0.00806249999999995 0.00996875000000017
11 0.5668124999999999 0.870859375 0.010078125000000071 0.011453124999999887
8 0.5664374999999999 0.866609375 0.011515625000000007 0.02049999999999983
8 0.533953125 0.87146875 0.010703125000000036 0.019265624999999887
8 0.291109375 0.72746875 0.010187499999999971 0.022921874999999935
2 0.36820312499999996 0.6932031249999999 0.004312499999999986 0.002640625000000085
8 0.3680625 0.7000625 0.010046874999999922 0.016906250000000077
10 0.25475 0.7109375 0.007109375000000018 0.011234375000000085
10 0.20140625 0.70653125 0.004031249999999975 0.014499999999999957
11 0.256125 0.6781875 0.006562499999999982 0.007140625000000078
8 0.2555 0.6814843749999999 0.009171875000000006 0.01810937500000005
12 0.8686875000000001 0.6227031249999999 0.016234375000000155 0.01185937500000005
11 0.6859531249999999 0.734140625 0.008765624999999843 0.009937500000000021
8 0.6850781250000001 0.741234375 0.013578125000000085 0.03345312499999995
11 0.6105937499999999 0.751578125 0.00717187500000005 0.010281250000000065
8 0.61003125 0.75615625 0.010437499999999923 0.02546874999999993
3 0.8036562500000001 0.8196562499999999 0.025437499999999957 0.03623437500000008
23 0.230109375 0.6642812499999999 0.023609375000000023 0.03306249999999995
19 0.25771875 0.642203125 0.02840625000000001 0.01793750000000003
19 0.28340624999999997 0.658625 0.03206249999999997 0.020640625000000058
11 0.522625 0.752921875 0.004953124999999936 0.0075937500000000215
8 0.521875 0.754203125 0.00756250000000005 0.017249999999999942