0 0.4375 0.3109375 0.584375 0.4796875
11 0.419328125 0.324734375 0.19849999999999998 0.31803125000000004
11 0.43810937499999997 0.36345312500000004 0.21521875000000001 0.21490624999999994
6 0.38795312499999995 0.136453125 0.05935937499999997 0.042156249999999985
5 0.404 0.079296875 0.08451562500000005 0.04939062500000002
1 0.45251562500000003 0.47878125000000005 0.06346875 0.07059374999999993
1 0.55653125 0.5004375 0.042343750000000034 0.04096875000000004
1 0.302953125 0.470328125 0.044828124999999996 0.05739062500000003
11 0.4848906250000001 0.2251875 0.07960937500000007 0.1064375
5 0.476859375 0.14984375 0.03576562499999998 0.020359375000000002
8 0.49574999999999997 0.209375 0.09439062500000013 0.14982812499999998
8 0.542375 0.397203125 0.06957812499999996 0.24421875
8 0.39975 0.44160937499999997 0.242671875 0.7809687499999999