0 0.29765625 0.4578125 0.5953125 0.56875
2 0.97890625 0.51484375 0.0421875 0.0296875
2 0.15684375 0.542203125 0.03423437500000004 0.022062500000000006
2 0.495234375 0.537109375 0.049093749999999936 0.03175000000000008
2 0.54325 0.53040625 0.03431250000000006 0.026859375000000085
2 0.5876875 0.506859375 0.04934375000000006 0.03375000000000004
2 0.7134218750000001 0.52825 0.030906249999999958 0.025406249999999984
2 0.7364843750000001 0.49957812500000004 0.03443749999999994 0.026062499999999923
2 0.79315625 0.5564843749999999 0.036968750000000127 0.019359374999999977
6 0.99140625 0.5453125 0.0171875 0.015625
6 0.60271875 0.5350937499999999 0.014046875000000014 0.010671875000000063
6 0.537640625 0.5553125 0.02028125000000003 0.014187500000000065
6 0.504578125 0.5701562499999999 0.022328124999999942 0.015468749999999965
4 0.16028125000000001 0.56659375 0.024062499999999966 0.014015625000000042
11 0.15409375 0.6193906250000001 0.05998437499999998 0.08551562500000003
11 0.462828125 0.61778125 0.07803124999999991 0.11353124999999994
11 0.533984375 0.600484375 0.052718750000000016 0.09029687499999994
11 0.59040625 0.591375 0.07465624999999995 0.09765625
11 0.69203125 0.6341875 0.03359375 0.06114062499999999
11 0.7323437500000001 0.593640625 0.06592187500000009 0.11639062500000001
11 0.7970625 0.626359375 0.044781250000000127 0.10795312500000005
11 0.9671875 0.60390625 0.065625 0.1171875
1 0.52315625 0.665265625 0.022531249999999937 0.018187499999999978
1 0.45267187499999995 0.6766875 0.03212499999999992 0.023953125000000065
8 0.9578125 0.65234375 0.084375 0.3078125
8 0.7949999999999999 0.656078125 0.05487499999999983 0.22421875
8 0.7410781249999999 0.6473749999999999 0.09757812500000007 0.32614062499999996
8 0.70059375 0.65071875 0.07060937500000009 0.270328125
8 0.594109375 0.6485312499999999 0.08773437499999996 0.3199218749999999
8 0.53221875 0.6595156249999999 0.05487500000000001 0.29078125000000005
8 0.47182812500000004 0.672546875 0.10170312500000005 0.30260937499999996
8 0.16848437500000002 0.6508125 0.10012499999999998 0.24493749999999997