0 0.79453125 0.54140625 0.4109375 0.4703125
0 0.06328125 0.696875 0.1265625 0.40625
17 0.8157187499999999 0.1413125 0.135546875 0.09356249999999999
19 0.59178125 0.177984375 0.15329687499999983 0.026265625000000004
9 0.07915625 0.1698125 0.11085937499999998 0.02714062500000001
19 0.163671875 0.5409843750000001 0.059578124999999996 0.049156250000000054
20 0.40679687500000006 0.46896875 0.05520312500000006 0.05337499999999995
20 0.213078125 0.5137031249999999 0.17559375 0.06489062499999995
19 0.16489062499999996 0.6236875000000001 0.10889062500000009 0.06925000000000008
2 0.11428124999999997 0.5994375 0.012374999999999936 0.008249999999999957
11 0.114546875 0.614671875 0.012906249999999985 0.016843749999999956
8 0.11412500000000003 0.61025 0.015171875000000057 0.03143750000000001
2 0.684421875 0.7153906250000001 0.01515625000000007 0.00890625000000007
11 0.694921875 0.745140625 0.023640625000000172 0.03715624999999996
1 0.6716562500000001 0.759765625 0.0067812499999998724 0.01015625
8 0.685796875 0.765515625 0.041312500000000085 0.10915625000000002
2 0.351265625 0.65675 0.011953124999999964 0.007249999999999979
7 0.3585625 0.6780625 0.01654687500000005 0.029562499999999936
8 0.35875 0.69503125 0.02318750000000005 0.08693749999999997
8 0.33718750000000003 0.6938125 0.023781250000000042 0.08918750000000006
8 0.44490625 0.8018281249999999 0.04081250000000001 0.11146874999999987
8 0.39918750000000003 0.807640625 0.046250000000000034 0.11215624999999996
8 0.36875 0.805578125 0.03068749999999998 0.11740625000000016
8 0.340515625 0.801859375 0.04140625 0.11621875000000018
8 0.359953125 0.737953125 0.01778124999999999 0.016531250000000063
8 0.32503125 0.726296875 0.02449999999999992 0.03540624999999995
2 0.324375 0.715671875 0.02006250000000005 0.01414062499999993
11 0.32790625 0.733546875 0.01618750000000002 0.015531250000000085
2 0.301359375 0.71321875 0.014656249999999992 0.010812499999999937
11 0.30064062500000005 0.7424999999999999 0.024140625000000072 0.04435937499999998
8 0.299484375 0.737890625 0.02495312500000004 0.06485937499999998
2 0.317953125 0.743015625 0.01814062500000002 0.014156249999999915
11 0.31018749999999995 0.7717031249999999 0.024484374999999937 0.03714062499999997
8 0.30857812500000004 0.7987343750000001 0.033984375 0.12559375000000017
11 0.34301562499999994 0.7784375000000001 0.04014062500000008 0.042828125000000127
11 0.370109375 0.780171875 0.030281249999999992 0.04473437500000017
11 0.39885937499999996 0.7877968750000001 0.047140624999999936 0.04434375000000017
11 0.44478125 0.7841093750000001 0.04367187500000007 0.040078125000000145
2 0.439921875 0.75225 0.016765625000000027 0.013874999999999993
2 0.40340625 0.7576875000000001 0.01715625000000003 0.012250000000000049
2 0.36335937500000004 0.7466875 0.013656250000000014 0.010578124999999971
2 0.337984375 0.74925 0.016015625 0.012562499999999944
2 0.33503125 0.6546406250000001 0.014796875000000043 0.009281250000000085
2 0.28781249999999997 0.66065625 0.017234374999999958 0.010374999999999978
2 0.27456250000000004 0.65328125 0.014171875000000079 0.01125000000000007
2 0.22679687499999995 0.7048593750000001 0.013937499999999936 0.011281250000000043
2 0.272875 0.70984375 0.017812499999999964 0.012718749999999978
2 0.25053125 0.7441093750000001 0.017671874999999913 0.014781250000000056
2 0.23278125000000002 0.751109375 0.01654687500000005 0.013156249999999935
2 0.162 0.72715625 0.018718750000000027 0.013687499999999986
2 0.10440624999999999 0.771796875 0.012937499999999958 0.017015625000000156
10 0.18550000000000005 0.710125 0.014171875000000079 0.02960937500000007
11 0.11245312500000004 0.80234375 0.030578125000000032 0.0421875
8 0.12954687500000003 0.81628125 0.06632812500000003 0.11067187499999989
8 0.16326562500000003 0.77690625 0.03690625000000001 0.11475000000000009
8 0.214765625 0.7339375 0.04146874999999994 0.07256250000000009
8 0.264828125 0.7975468749999999 0.04314062500000002 0.12165624999999984
8 0.234578125 0.800390625 0.04201562499999998 0.12734375
8 0.26959375 0.7359218750000001 0.027687500000000042 0.06403125000000003
8 0.28967187499999997 0.6798437500000001 0.02095312499999995 0.05343750000000007
8 0.272671875 0.675109375 0.01978124999999995 0.05803124999999998
11 0.15862499999999996 0.7592187499999999 0.029171874999999937 0.04499999999999993
11 0.221484375 0.72840625 0.024093749999999935 0.027374999999999972
11 0.23728125000000003 0.7786875 0.03454687500000002 0.04178125000000001
1 0.22125000000000003 0.8016406249999999 0.008421874999999978 0.011687500000000028
11 0.263390625 0.77840625 0.033578125000000014 0.04629687500000017
11 0.270015625 0.737328125 0.026546875000000015 0.04182812499999997
11 0.29037499999999994 0.685046875 0.018296875000000056 0.03356250000000003
11 0.27353125 0.6796875 0.019234374999999915 0.02960937500000007
11 0.33737500000000004 0.679015625 0.027812499999999928 0.031640625
10 0.345390625 0.530234375 0.008624999999999971 0.02581249999999997
10 0.35932812500000005 0.523875 0.00929687500000007 0.019140625
10 0.351078125 0.515484375 0.0077656250000000425 0.02954687499999995