0 0.271875 0.35625 0.19375 0.1125
16 0.44506249999999997 0.39609375 0.06157812499999995 0.019875000000000042
10 0.5229375 0.407015625 0.007515624999999915 0.010453125000000086
10 0.536453125 0.407765625 0.008874999999999921 0.0108281250000001
10 0.5527656249999999 0.40828125000000004 0.00803124999999998 0.010749999999999992
10 0.567734375 0.408984375 0.007828124999999986 0.01328125
10 0.578734375 0.4095000000000001 0.007499999999999929 0.014296874999999964
10 0.58784375 0.40953125 0.008984375 0.013265625000000014
19 0.725203125 0.38220312500000003 0.09509375000000002 0.05345312500000001
16 0.61290625 0.405390625 0.03567187500000006 0.018374999999999985
23 0.6308906249999999 0.463984375 0.10735937500000006 0.07640624999999997
17 0.709 0.25320312500000003 0.19548437499999985 0.026500000000000058