0 0.9546875 0.4375 0.090625 0.14375
0 0.8689375 0.593171875 0.240625 0.1703125
10 0.54153125 0.729578125 0.01995312499999997 0.06178124999999994
10 0.86071875 0.46671874999999996 0.00606250000000017 0.017578125
11 0.7890937499999999 0.48929687499999996 0.008890625000000086 0.019875000000000042
2 0.791625 0.474984375 0.005937499999999929 0.005781250000000071
8 0.7912812499999999 0.4931875 0.013250000000000029 0.04220312499999999
2 0.393671875 0.44192187499999996 0.007140625000000078 0.004640625000000042
2 0.386140625 0.445984375 0.006750000000000078 0.007015625000000014
11 0.39432812500000003 0.45367187500000006 0.0078125 0.011562499999999965
11 0.38534375 0.45881249999999996 0.01023437499999993 0.01799999999999997
8 0.38465625000000003 0.45968749999999997 0.01079687499999995 0.03507812500000007
8 0.39675000000000005 0.45971875000000006 0.01392187499999995 0.04087499999999995