0 0.48359375 0.53359375 0.4015625 0.20625
23 0.26484375 0.54375 0.5296875 0.4125
2 0.48734374999999996 0.55165625 0.005656250000000007 0.0033125000000000073
11 0.489140625 0.563484375 0.009249999999999935 0.013687499999999986
8 0.489375 0.5684218750000001 0.015187500000000043 0.03762500000000006
19 0.4985468749999999 0.5636093750000001 0.05618750000000006 0.0319218750000001
12 0.5682812500000001 0.547375 0.058921875000000054 0.026015624999999966
12 0.6505625 0.5634375 0.07348437499999996 0.03235937500000006
12 0.7373125 0.5578125 0.043874999999999886 0.03671875
12 0.7688593750000001 0.56025 0.05540625000000006 0.03770312499999999
12 0.813328125 0.557890625 0.05760937499999983 0.04468750000000003
12 0.86365625 0.560421875 0.07468749999999993 0.04348437499999989
12 0.944140625 0.5531874999999999 0.05517187499999991 0.0602656249999999
12 0.9702187500000001 0.561375 0.0540156249999999 0.05018750000000001
12 0.99375 0.56328125 0.0125 0.0453125