0 0.53703125 0.45757812500000006 0.3859375 0.309375
2 0.4730625 0.705671875 0.04604687500000004 0.029140624999999965
2 0.5070781249999999 0.688421875 0.029937500000000127 0.024687499999999928
6 0.5094531250000001 0.71040625 0.021468750000000016 0.009750000000000014
6 0.48451562500000006 0.72834375 0.014874999999999972 0.011984374999999936
11 0.51246875 0.7616406250000001 0.05034375000000004 0.07857812499999994
11 0.46040624999999996 0.7818125 0.0700312499999999 0.10207812499999988
1 0.49171875 0.827796875 0.022078124999999994 0.031796874999999857
8 0.47562499999999996 0.8141718750000001 0.09924999999999998 0.24612499999999998
8 0.53334375 0.79065625 0.10531250000000014 0.23276562500000003
2 0.47296875 0.5638124999999999 0.005203125000000064 0.0035781249999999433
11 0.472875 0.572640625 0.009250000000000114 0.011296875000000029
8 0.47165625 0.576 0.012515624999999985 0.029359374999999945
2 0.47562499999999996 0.58815625 0.005765625000000085 0.0034843750000000282
11 0.47309375 0.5977812499999999 0.009687500000000071 0.012796875000000086
8 0.47443749999999996 0.601046875 0.012859375000000029 0.03021875000000005