0 0.28690625000000003 0.388 0.38629687500000004 0.33225
10 0.983 0.5070781249999999 0.03365624999999994 0.05515624999999993
10 0.7924687499999999 0.5583750000000001 0.04515625000000014 0.09332812500000003
10 0.782015625 0.5008125 0.024265624999999957 0.05437499999999993
10 0.65121875 0.49371875000000004 0.028281250000000036 0.05775000000000006
10 0.548875 0.49217187500000004 0.028687500000000022 0.052718750000000016
7 0.7404531249999999 0.5140156250000001 0.0387812499999999 0.04754687499999992
5 0.735140625 0.4715625 0.020343749999999973 0.019296875000000036
8 0.733609375 0.5138125 0.07390624999999992 0.10965624999999993
10 0.21207812499999998 0.6711875 0.0875 0.176375
10 0.148390625 0.65084375 0.07145312500000003 0.1590937500000001
10 0.10067187500000001 0.61809375 0.06974999999999998 0.13268749999999993
10 0.0955 0.57484375 0.06529687500000002 0.12235937499999991
10 0.11171875 0.49378124999999995 0.031312500000000035 0.057859374999999956
10 0.07503125000000002 0.499875 0.03018749999999999 0.06029687500000005
10 0.031328125 0.50684375 0.017015625000000024 0.052734375
10 0.037765625000000004 0.57578125 0.049406250000000006 0.10274999999999998
10 0.016890625000000003 0.5480625 0.029156249999999995 0.09220312499999998
10 0.00390625 0.53046875 0.0078125 0.0859375
16 0.0109375 0.38046875 0.021875 0.0171875
16 0.035734375000000006 0.42737499999999995 0.01814062500000002 0.021828125000000042
16 0.121046875 0.43209375000000005 0.046937500000000035 0.03125
19 0.063765625 0.42557812500000003 0.03934375000000001 0.03264062499999998
19 0.20614062500000002 0.444140625 0.05607812499999998 0.04692187499999996
19 0.229109375 0.44378124999999996 0.08157812499999997 0.059453124999999926
3 0.39331250000000006 0.54203125 0.06671875000000008 0.13406249999999992