0 0.346875 0.52578125 0.1125 0.0921875
23 0.550859375 0.571578125 0.08703125000000007 0.07540624999999998
23 0.665359375 0.541875 0.04407812500000006 0.06921874999999993
13 0.8336874999999999 0.512375 0.0057343750000001135 0.016140625000000065
13 0.77159375 0.485703125 0.004875000000000007 0.0176874999999999
16 0.9901562500000001 0.5777187500000001 0.019687499999999858 0.03185937499999998
15 0.945296875 0.556171875 0.06259374999999992 0.03782812500000006
16 0.64784375 0.499703125 0.02257812500000007 0.02287499999999998
16 0.708703125 0.49640625 0.026890625000000057 0.022203125000000056
16 0.7398125 0.5035937500000001 0.01732812500000005 0.013781250000000078
19 0.831078125 0.493953125 0.051203124999999974 0.020687500000000015
9 0.7530625 0.5210625 0.029468750000000023 0.026765624999999994