0 0.6796875 0.4875 0.6375 0.490625
12 0.065546875 0.5608906250000001 0.12751562499999997 0.311875
5 0.391203125 0.24070312500000002 0.023625000000000007 0.015249999999999986
5 0.3465 0.360484375 0.03579687500000004 0.04389062499999996
5 0.5555 0.406875 0.034531250000000034 0.016874999999999973
5 0.6226406250000001 0.591234375 0.05162499999999994 0.023609375000000023
6 0.551453125 0.42585937500000004 0.01860937499999995 0.010578124999999971
6 0.619328125 0.626125 0.014046875000000014 0.012671875000000022
7 0.65759375 0.65546875 0.06107812500000005 0.07134374999999996
7 0.563734375 0.470453125 0.03829687499999999 0.06765624999999993
7 0.38578125 0.2958125 0.04349999999999996 0.077734375
7 0.33103125 0.41217187499999997 0.06593749999999998 0.11428124999999997
8 0.320171875 0.476375 0.158796875 0.27739062499999995
8 0.392953125 0.338734375 0.07867187500000003 0.212203125
8 0.5503750000000001 0.50890625 0.12267187499999999 0.22440625
8 0.621 0.67384375 0.15629687499999995 0.18968749999999995