0 0.88359375 0.24765625 0.2328125 0.2453125
0 0.16492187500000002 0.46420312500000005 0.19670312499999998 0.139015625
0 0.80859375 0.475 0.3828125 0.26875
0 0.4171875 0.5171875 0.3390625 0.1609375
0 0.5256875 0.33865625 0.08676562499999996 0.195296875
11 0.482796875 0.46507812499999995 0.013843750000000021 0.018546875000000008
8 0.48084375 0.464375 0.017750000000000023 0.022734375000000105
2 0.47620312499999995 0.45703125 0.006234375000000014 0.006906250000000114
2 0.6057187500000001 0.608375 0.01303125000000005 0.010500000000000042
6 0.60734375 0.6171249999999999 0.007718750000000085 0.006203125000000043
11 0.6133124999999999 0.624203125 0.023765625000000058 0.018718750000000027
8 0.6133124999999999 0.6175312500000001 0.025999999999999978 0.028796874999999923
11 0.9075 0.5137968749999999 0.017281249999999915 0.015531250000000085
2 0.90309375 0.501109375 0.00957812500000017 0.005781250000000071
8 0.9006718749999999 0.5199374999999999 0.03039062500000007 0.04567187500000003
2 0.7688593750000001 0.17625 0.006734374999999915 0.005624999999999991
11 0.776015625 0.183890625 0.010984374999999958 0.013093749999999993
11 0.979125 0.28054687500000003 0.021015625000000072 0.018906250000000034
2 0.9766562499999999 0.26415625 0.011609375000000099 0.008437499999999964
8 0.9782500000000001 0.27778125 0.022593750000000058 0.03793750000000005
8 0.7735625 0.182140625 0.015015624999999843 0.019625000000000004
9 0.81578125 0.667078125 0.21217187499999995 0.12792187500000002
9 0.6820625 0.668453125 0.0954218749999999 0.10165625000000009
16 0.602703125 0.695734375 0.19896874999999986 0.1283125
9 0.517578125 0.635125 0.10350000000000001 0.03275000000000006
16 0.45295312499999996 0.690125 0.16842187499999994 0.12712500000000002
16 0.32076562500000005 0.69665625 0.15071875000000007 0.09890624999999993
21 0.23795312499999993 0.657828125 0.19492187499999997 0.1295
16 0.0908125 0.71359375 0.16178125000000004 0.1026406249999999
12 0.0921875 0.659375 0.184375 0.1375
12 0.568171875 0.587875 0.30959375000000017 0.09228124999999991
2 0.35462499999999997 0.432921875 0.007000000000000029 0.005843750000000014
2 0.366234375 0.43209374999999994 0.007218750000000007 0.004781249999999915
2 0.345546875 0.431359375 0.008312500000000079 0.005078125
2 0.32637499999999997 0.443984375 0.007703124999999922 0.006156250000000085
11 0.32701562500000003 0.452171875 0.014281249999999978 0.008984375
11 0.34450000000000003 0.443765625 0.013874999999999993 0.015749999999999886
11 0.35409375 0.44049999999999995 0.0047499999999999435 0.006859374999999978
11 0.366234375 0.43940625000000005 0.010749999999999992 0.007609375000000007
8 0.36556249999999996 0.436828125 0.012343749999999964 0.014250000000000007
8 0.35446875 0.43696874999999996 0.007859374999999957 0.014546874999999914
8 0.3436875 0.44065624999999997 0.014000000000000058 0.024249999999999973
8 0.326984375 0.449515625 0.014812500000000029 0.018390624999999973