0 0.296875 0.42734375 0.540625 0.503125
10 0.169734375 0.631390625 0.0609375 0.10964062499999994
10 0.2899375 0.6504531250000001 0.07631250000000005 0.13995312500000007
10 0.5505625000000001 0.6677500000000001 0.09756250000000008 0.17457812500000003
2 0.899609375 0.367859375 0.05032812500000006 0.03659375000000002
2 0.780171875 0.401859375 0.03365624999999994 0.021250000000000036
2 0.655046875 0.420796875 0.03687500000000003 0.02962499999999988
5 0.30634375 0.35926562500000003 0.026968749999999986 0.01420312499999996
5 0.10889062499999999 0.49876562500000005 0.015765625000000005 0.010203124999999957
5 0.05240625 0.502125 0.01737500000000001 0.011703125000000014
5 0.020171875 0.501703125 0.0119375 0.007406250000000014
7 0.023046875 0.525453125 0.024640624999999992 0.03404687499999994
7 0.10493749999999999 0.5237499999999999 0.011328125 0.021984375000000077
8 0.022359375 0.538046875 0.0319375 0.080078125
8 0.052734375 0.5061249999999999 0.018031249999999988 0.021437500000000043
8 0.10990625000000001 0.515703125 0.01953125 0.04407812500000006
11 0.302453125 0.40417187499999996 0.05739062500000003 0.05539062500000003
11 0.9116093749999999 0.466796875 0.07953125000000014 0.11468749999999997
11 0.79121875 0.4776718750000001 0.06095312499999998 0.08954687499999991
11 0.6444062500000001 0.49165624999999996 0.07290624999999995 0.09840625000000003
6 0.6535 0.4430625 0.016437499999999973 0.01685937500000012
6 0.78415625 0.424203125 0.02251562499999995 0.015062499999999979
6 0.884828125 0.39559375 0.01726562499999993 0.017390624999999993
6 0.309078125 0.379921875 0.018562499999999992 0.013828125000000035
8 0.30146875 0.39140625 0.08493750000000003 0.07671875000000003
8 0.651484375 0.5367968750000001 0.08878125000000008 0.2633593750000001
8 0.7875156249999999 0.517453125 0.11257812499999993 0.25418750000000007
8 0.899375 0.524921875 0.14185937499999995 0.357671875
1 0.957234375 0.51884375 0.01971874999999983 0.019125000000000014