0 0.75703125 0.590625 0.4859375 0.421875
12 0.362203125 0.28709375000000004 0.16085937500000008 0.10996874999999999
11 0.8598593749999999 0.67853125 0.02265625 0.020703125
5 0.8578281249999999 0.6567968750000001 0.012015625000000085 0.007062499999999972
5 0.751828125 0.78365625 0.014499999999999957 0.007937500000000064
5 0.665578125 0.757828125 0.013874999999999993 0.011671875000000043
6 0.66796875 0.76915625 0.010125000000000028 0.004499999999999993
6 0.752890625 0.7977187499999999 0.009499999999999887 0.006249999999999911
8 0.848046875 0.680828125 0.04359375000000014 0.055109374999999974
1 0.6539375 0.8182656250000001 0.013312499999999972 0.011828125000000255
8 0.761578125 0.8430781249999999 0.052468749999999884 0.12676562500000008
11 0.670375 0.7949843750000001 0.030578125000000077 0.04623437500000005
11 0.766421875 0.8207812499999999 0.03515625 0.052359374999999986
11 0.911921875 0.831671875 0.03496875000000017 0.04573437499999997
2 0.923390625 0.8010625000000001 0.01387500000000017 0.010093750000000058
8 0.911671875 0.8476250000000001 0.04157812499999984 0.10606250000000017
8 0.665203125 0.8127812500000001 0.04053125000000009 0.12301562500000003