0 0.6625 0.63671875 0.6 0.3203125
1 0.166390625 0.5485625 0.0109375 0.015671874999999957
1 0.12115625000000001 0.5901562499999999 0.014218749999999992 0.011765624999999957
11 0.138625 0.5449843750000001 0.03243749999999999 0.054265625000000026
5 0.136484375 0.4993437500000001 0.015874999999999993 0.010984374999999958
6 0.13753125 0.514765625 0.013765625000000004 0.006812500000000022
8 0.141328125 0.570296875 0.063484375 0.15398437499999992
13 0.311265625 0.45354687499999996 0.014968749999999975 0.0276250000000001
5 0.839703125 0.539046875 0.0305781249999999 0.01782812499999995
6 0.84096875 0.55803125 0.016328125000000072 0.00890625000000007
7 0.856296875 0.585453125 0.039203124999999873 0.06040624999999995
1 0.8148593749999999 0.6135937499999999 0.018812499999999944 0.012906249999999985
8 0.8282812500000001 0.60059375 0.09589062499999983 0.14315625