1 0.02578125 0.5734375 0.0515625 0.053125
1 0.39535937499999996 0.615609375 0.026500000000000058 0.045937500000000145
1 0.42967187500000004 0.621328125 0.04379687499999996 0.061843749999999885
1 0.6838593749999999 0.603140625 0.043234375000000116 0.07681250000000013
1 0.82328125 0.55046875 0.03328124999999993 0.032203124999999846
1 0.8411875 0.5832656249999999 0.0524531249999999 0.04985937500000013
1 0.725953125 0.5365624999999999 0.0344843749999999 0.027296875000000043
1 0.9530156250000001 0.5639375 0.015687499999999945 0.034109374999999886
6 0.98203125 0.3125 0.0359375 0.028125
6 0.862640625 0.354 0.0495000000000001 0.030921874999999942
6 0.8217343749999999 0.2863125 0.038515625000000143 0.02885937500000004
6 0.744453125 0.319640625 0.04646875000000002 0.028843750000000057
6 0.6263125 0.24053125 0.05393749999999997 0.028968749999999942
6 0.6390781249999999 0.34078125000000004 0.048218749999999845 0.029484375000000007
6 0.46773437500000004 0.254578125 0.04510937499999983 0.02790625000000002
6 0.495125 0.35139062499999996 0.05198437499999997 0.03196875000000006
6 0.3940156249999999 0.307453125 0.04768749999999997 0.03156250000000007
6 0.22606249999999992 0.25109375 0.05134374999999984 0.033421874999999976
6 0.126671875 0.317734375 0.06300000000000008 0.031312499999999945
6 0.31842187499999997 0.34645312500000003 0.052734375 0.03665625000000006
2 0.12240624999999997 0.2545 0.08779687499999991 0.05692187499999992
2 0.22662499999999994 0.19153125 0.07123437499999988 0.05182812499999993
2 0.3172812499999999 0.271765625 0.08589062500000004 0.05810937499999991
2 0.3932343749999999 0.24900000000000003 0.07335937500000007 0.056312499999999946
2 0.46334374999999994 0.20315624999999998 0.067578125 0.04798437500000006
2 0.49164062499999994 0.28539062499999995 0.0825312499999999 0.05620312500000004
2 0.6275000000000001 0.18520312499999997 0.07298437500000006 0.047499999999999966
2 0.6421250000000001 0.282296875 0.07931249999999998 0.05834375000000005
2 0.739046875 0.263734375 0.07732812500000001 0.05378124999999993
2 0.8308125000000001 0.228203125 0.07334375000000008 0.05223437499999992
2 0.871265625 0.287734375 0.08343750000000014 0.060890625000000045
2 0.97265625 0.246875 0.0546875 0.053125
11 0.04375 0.490625 0.0875 0.271875
11 0.13009374999999998 0.43842187499999996 0.22154687499999995 0.22684374999999993
11 0.21709375000000009 0.314328125 0.12990625000000017 0.09114062500000006
11 0.314671875 0.470921875 0.21882812499999993 0.24810937499999994
11 0.50390625 0.476859375 0.16604687499999998 0.21621875
1 0.519390625 0.6073124999999999 0.04510937499999983 0.06798437499999999
11 0.40271875 0.35198437499999996 0.09540624999999991 0.09096875000000004
11 0.49334375 0.31539062500000004 0.13964062499999982 0.07790625000000002
11 0.624125 0.31634375 0.16564062499999999 0.1254843750000001
11 0.657609375 0.48287500000000005 0.15568750000000015 0.23498437499999997
11 0.7712187500000001 0.45887500000000003 0.10645312499999982 0.21584374999999997
11 0.8118281250000001 0.34021875 0.0602656249999999 0.05301562499999992
11 0.86890625 0.4779999999999999 0.1864374999999999 0.23003125
11 0.96875 0.37734375 0.0625 0.1140625
8 0.0515625 0.60546875 0.103125 0.7171875
8 0.12976562499999994 0.5459531249999999 0.22662499999999994 0.649953125
8 0.2213906250000001 0.47165625 0.13310937500000009 0.6084843750000001
8 0.31251562499999996 0.5828125 0.2216093749999999 0.6879375
8 0.399984375 0.524390625 0.13056249999999991 0.61128125
8 0.4605625 0.475015625 0.08912499999999994 0.5884062499999999
8 0.4957968749999999 0.5797812499999999 0.20425000000000004 0.6372343749999999
8 0.6254843749999999 0.46092187500000004 0.18235937500000005 0.60040625
8 0.6500625 0.57384375 0.16009375000000006 0.6432187500000002
8 0.744265625 0.5420624999999999 0.12973437499999996 0.61090625
8 0.8200625 0.5034375 0.11170312500000001 0.600625
8 0.8584843749999997 0.5854374999999999 0.21087499999999998 0.6530312500000001
8 0.953125 0.50390625 0.09375 0.5796875
8 0.96796875 0.578125 0.0640625 0.715625