2 0.17826562500000004 0.227734375 0.049515625000000084 0.05756250000000005
2 0.32957812499999994 0.45406250000000004 0.045874999999999846 0.04978125000000002
2 0.13540624999999995 0.40914062500000004 0.05129687499999998 0.057859374999999956
1 0.049249999999999974 0.17632812500000003 0.022749999999999916 0.03598437499999996
1 0.14778125000000006 0.32675 0.028140624999999985 0.02017187499999995
1 0.24875000000000008 0.30060937499999996 0.023828125 0.024125000000000084
1 0.2915312500000001 0.5394375 0.013562500000000099 0.0122187499999999
1 0.14848437499999995 0.5250468749999999 0.031625000000000014 0.03968750000000014
1 0.2196249999999999 0.45634375 0.017640624999999945 0.016843749999999956
1 0.38665625000000003 0.49728125 0.02045312499999987 0.02581249999999997
1 0.474453125 0.7399687500000001 0.008562500000000028 0.011171875000000142
2 0.44781250000000006 0.7495312500000001 0.04301562499999996 0.04595312500000013
2 0.59140625 0.7694218749999999 0.03692187500000017 0.04604687500000004
11 0.5791875 0.780828125 0.08101562499999986 0.08089062499999997
11 0.32075 0.47484374999999995 0.07373437500000009 0.08309374999999992
11 0.15028124999999992 0.43334374999999997 0.1186406250000001 0.11549999999999994
11 0.17670312500000004 0.264265625 0.09695312499999993 0.10904687499999995
11 0.02109375 0.15703125 0.0421875 0.1515625
8 0.03984375 0.2046875 0.0796875 0.3125
8 0.19042187500000002 0.3153125 0.1412187499999999 0.23399999999999999
8 0.18312500000000007 0.4660781250000001 0.18550000000000005 0.18093749999999997
8 0.33348437499999994 0.504921875 0.12446875000000013 0.146875
8 0.44415625 0.77709375 0.07175000000000012 0.121484375
8 0.5798125000000001 0.801953125 0.08585937500000007 0.12434374999999989