2 0.7262187499999999 0.3593125 0.052515625000000024 0.04495312499999997
8 0.34778125 0.719859375 0.19517187499999994 0.21026562500000007
11 0.5865781250000001 0.48562500000000003 0.039406250000000045 0.08776562499999993
4 0.572109375 0.43624999999999997 0.012156249999999957 0.022499999999999964
4 0.73590625 0.412015625 0.018296875000000056 0.029843750000000037
4 0.222265625 0.37334375 0.014281249999999978 0.013874999999999993
4 0.23937499999999998 0.35884375 0.015687499999999945 0.011421875000000003
4 0.3800625 0.35146875 0.015812500000000007 0.013874999999999993
4 0.29890625000000004 0.393 0.014421875000000028 0.014125000000000032
4 0.37110937499999996 0.438484375 0.019765624999999964 0.019140625
4 0.501703125 0.368453125 0.0215937499999999 0.01814062500000002
5 0.487609375 0.268203125 0.012140624999999971 0.006703125000000032
5 0.42004687500000004 0.27596875 0.009828124999999943 0.006640625
5 0.2229375 0.32759375 0.010921875000000015 0.009890624999999976
5 0.21521875000000001 0.32457812500000005 0.00954687500000002 0.008531250000000056
5 0.23625 0.336375 0.023484374999999957 0.018062500000000002
5 0.18596875 0.32814062499999996 0.01512500000000001 0.010968749999999972
5 0.21212499999999998 0.35340625000000003 0.026796874999999987 0.017750000000000023
5 0.293734375 0.3703125 0.03531250000000004 0.026546875000000015
5 0.28746875000000005 0.32840625 0.014968750000000064 0.013078125000000006
5 0.309328125 0.323234375 0.019421875000000012 0.015140624999999996
5 0.380609375 0.319015625 0.03096874999999999 0.022421875000000036
5 0.36770312499999996 0.39915625 0.050453124999999946 0.037375000000000026
5 0.503515625 0.331640625 0.043953124999999996 0.03201562500000001
7 0.51 0.41240625 0.04600000000000008 0.07951562499999998
7 0.4880625 0.28740625 0.014593749999999872 0.018562499999999992
7 0.421875 0.29762500000000003 0.016609374999999992 0.020265625000000044
7 0.399171875 0.388453125 0.03995312499999999 0.06753125000000004
7 0.3459375 0.5006562499999999 0.0538125 0.11379687499999988
7 0.319875 0.37128125 0.029812499999999974 0.05193750000000001
7 0.2858125 0.435765625 0.033531250000000054 0.08403124999999996
7 0.29493749999999996 0.353796875 0.02053124999999998 0.013828125000000035
7 0.239796875 0.39449999999999996 0.03370312499999999 0.05149999999999997
7 0.20837500000000003 0.40834375000000006 0.03337500000000002 0.055750000000000056
7 0.195671875 0.34385937499999997 0.01262500000000002 0.014265624999999994
8 0.180265625 0.371765625 0.010531250000000015 0.10603125000000002
8 0.184640625 0.33482812500000003 0.012468749999999983 0.03373437500000005
8 0.194109375 0.35090625 0.017328125000000007 0.023703124999999936
8 0.21676562500000002 0.473125 0.05795312500000003 0.26029687500000004
8 0.21387499999999998 0.325546875 0.006843749999999993 0.015171874999999968
8 0.22117187500000002 0.326515625 0.010531250000000015 0.015546874999999983
8 0.24543749999999998 0.45403125000000005 0.04496874999999996 0.2549375000000001
8 0.28178125 0.486546875 0.05674999999999999 0.25748437499999993
8 0.290078125 0.33865625 0.03426562500000001 0.03200000000000003
8 0.325484375 0.35384374999999996 0.051953125 0.08114062500000001
8 0.36325 0.496125 0.10093750000000004 0.237546875
8 0.40201562499999993 0.380609375 0.07690625 0.14871875
8 0.42200000000000004 0.311625 0.019999999999999928 0.07948437500000001
8 0.49115625000000007 0.29235937500000003 0.017671874999999913 0.05814062500000006
8 0.513078125 0.40153125 0.08025000000000002 0.17179687500000002
8 0.5918281249999999 0.5045 0.05182812499999993 0.21993749999999998
8 0.71628125 0.4715625 0.10854687500000004 0.2853125
2 0.5791875 0.40578125 0.02496875000000003 0.031874999999999966
11 0.714703125 0.504234375 0.07726562500000007 0.16470312500000012