11 0.06462500000000002 0.38698437500000005 0.07068750000000001 0.14176562500000003
11 0.12668749999999998 0.4603125 0.13231249999999992 0.2451406250000001
11 0.22837499999999994 0.34095312499999997 0.08328124999999993 0.13384374999999996
11 0.2973593749999999 0.45899999999999996 0.13228125000000013 0.17520312500000013
11 0.3659375000000001 0.391578125 0.05070312500000007 0.11009375000000006
11 0.476953125 0.47834374999999996 0.191 0.26920312499999993
11 0.595 0.387796875 0.06893749999999983 0.14820312500000005
11 0.66909375 0.427859375 0.1618281249999999 0.1778281250000001
11 0.8729531250000001 0.41178125000000004 0.10799999999999983 0.169703125
11 0.94453125 0.45703125 0.1109375 0.1953125
2 0.9578125 0.2890625 0.084375 0.0625
2 0.890875 0.26449999999999996 0.06693749999999987 0.053031250000000085
2 0.6606249999999999 0.271703125 0.06557812500000004 0.048203125000000034
2 0.6217812500000001 0.260203125 0.05278124999999996 0.042031249999999964
2 0.50546875 0.27334375 0.09657812499999992 0.06593750000000007
2 0.35301562499999994 0.2980625 0.03687499999999986 0.036046875000000075
2 0.30637500000000006 0.28539062499999995 0.07203124999999985 0.053468750000000044
2 0.28362499999999996 0.25687499999999996 0.04232812499999987 0.020968749999999935
2 0.22626562499999991 0.22720312500000003 0.05021875000000016 0.036140624999999996
2 0.151765625 0.251515625 0.09110937499999991 0.06312499999999996
2 0.09245312500000002 0.274484375 0.03499999999999996 0.029749999999999943
6 0.10179687499999997 0.311171875 0.02240625000000005 0.01896874999999998
6 0.16065625000000008 0.3153125 0.04157812499999984 0.024874999999999935
6 0.23214062500000007 0.2729375 0.030703125000000143 0.019421874999999922
6 0.339265625 0.313875 0.011781249999999943 0.01235937499999995
6 0.31701562499999997 0.340515625 0.027390624999999957 0.017562500000000016
6 0.510890625 0.34987500000000005 0.03532812499999984 0.033890625000000084
6 0.6708281250000001 0.322203125 0.035500000000000045 0.02179687500000007
6 0.90175 0.322234375 0.03099999999999987 0.017062499999999935
6 0.9689531250000002 0.35567187499999997 0.03318749999999966 0.02624999999999993
1 0.721953125 0.344609375 0.024749999999999873 0.025765625000000014
1 0.590796875 0.49270312499999996 0.026859375000000085 0.045500000000000006
1 0.38165625 0.44260937499999997 0.012421875000000072 0.03185937499999998
1 0.29428125000000005 0.578484375 0.03479687499999997 0.04157812499999984
1 0.228125 0.5266718750000001 0.03949999999999996 0.03893750000000011
1 0.22720312499999995 0.49921875 0.018421874999999942 0.02726562500000007
1 0.061328125 0.422765625 0.016000000000000014 0.018624999999999937
1 0.04545312499999996 0.4739375 0.034734375000000026 0.03923437500000002
8 0.0296875 0.46328125 0.059375 0.4859375
8 0.06921875000000002 0.42212500000000003 0.081046875 0.3254843750000001
8 0.15003124999999998 0.547265625 0.18015624999999993 0.65390625
8 0.22953124999999996 0.42623437500000005 0.09228124999999991 0.43373437500000006
8 0.283578125 0.268390625 0.03787500000000001 0.04926562499999996
8 0.361140625 0.42523437499999994 0.05551562499999996 0.2942187499999999
8 0.30485937500000004 0.478578125 0.146078125 0.4352656250000001
8 0.54440625 0.39389062499999994 0.040796874999999844 0.12215624999999992
8 0.48659374999999994 0.55996875 0.20015624999999987 0.641796875
8 0.6046093750000001 0.44526562500000005 0.09245312500000011 0.4155312500000001
8 0.6786875 0.5044531250000001 0.16559375000000004 0.5089062500000001
8 0.8733906250000001 0.4331875 0.11126562500000006 0.38825000000000004
8 0.95 0.55625 0.1 0.6