2 0.07818750000000003 0.26153125 0.02385937499999997 0.023046875
2 0.04124999999999997 0.240515625 0.05489062499999999 0.043546875000000006
2 0.051484374999999985 0.282109375 0.09543750000000006 0.05529687499999998
2 0.24867187499999996 0.264234375 0.051687499999999886 0.03515625
2 0.3653281249999999 0.27531249999999996 0.10037500000000002 0.05954687500000002
2 0.46862499999999996 0.288375 0.03464062500000011 0.02762499999999992
2 0.497484375 0.28907812499999996 0.036562500000000143 0.02681249999999995
2 0.56821875 0.27854687499999997 0.06865625000000009 0.04368750000000006
2 0.6627968750000001 0.23878125 0.0524531249999999 0.03337500000000002
2 0.7520312499999999 0.20078125 0.08360937499999999 0.06004687499999992
2 0.729265625 0.28337500000000004 0.142984375 0.1046875
2 0.8710000000000001 0.32075 0.04251562500000006 0.03434375000000003
2 0.91990625 0.30453125 0.025062499999999942 0.013671875
11 0.9142187499999999 0.339125 0.028484375000000027 0.04173437500000006
1 0.882609375 0.46921875 0.031078125000000158 0.03217187500000005
1 0.812703125 0.5558125 0.0294062499999999 0.05735937500000006
1 0.7262968750000001 0.76428125 0.06348437500000018 0.1157343749999999
1 0.62834375 0.5242968749999999 0.022531250000000114 0.042015625000000154
1 0.48479687499999996 0.424796875 0.01503124999999983 0.01570312499999993
1 0.4869843749999999 0.42535937500000004 0.01776562499999983 0.018484375000000063
1 0.13996875000000006 0.427546875 0.021109374999999986 0.026156250000000013
1 0.13134374999999993 0.5657500000000001 0.03839062499999999 0.0508906249999999
1 0.18498437499999998 0.462734375 0.02562500000000014 0.03568750000000005
1 0.9224531249999999 0.45704687499999996 0.028515625 0.030874999999999986
1 0.9322343750000002 0.45562500000000006 0.021750000000000113 0.0296875
1 0.98828125 0.4203125 0.0234375 0.0375
2 0.9549531250000001 0.301953125 0.054265625000000026 0.035734375000000006
11 0.95703125 0.40859375 0.0859375 0.1421875
11 0.884171875 0.4135 0.07464062499999997 0.12104687500000004
11 0.649765625 0.350890625 0.07317187499999989 0.11940624999999994
11 0.500125 0.384234375 0.08068750000000016 0.10653124999999992
11 0.467203125 0.374234375 0.017703124999999886 0.08226562499999997
11 0.3077031249999999 0.37978125 0.0381718750000001 0.03371875000000006
11 0.24718750000000006 0.37815624999999997 0.1287968750000001 0.1370000000000001
11 0.11190625000000001 0.36924999999999997 0.04156249999999995 0.13340625
11 0.05 0.3578125 0.1 0.1
11 0.06015625 0.4421875 0.1203125 0.2125
11 0.3719843750000001 0.4546875 0.17951562500000015 0.23607812499999992
11 0.580671875 0.40393749999999995 0.14660937499999988 0.15160937499999996
11 0.8012343749999999 0.36717187500000004 0.10151562500000004 0.195296875
11 0.71325 0.5722343750000001 0.1963906250000001 0.36321875000000003
6 0.0645625 0.336984375 0.043390624999999974 0.02765625000000007
6 0.2493124999999999 0.306171875 0.029343749999999957 0.019999999999999928
6 0.34034375000000006 0.340515625 0.016796875 0.029031250000000064
6 0.4680468749999999 0.318359375 0.015109375000000114 0.014578125000000063
6 0.497890625 0.319328125 0.02223437500000003 0.013671875
6 0.565796875 0.32287499999999997 0.038734374999999946 0.022171875000000084
2 0.5420468749999999 0.312203125 0.012562499999999944 0.024984375000000014
6 0.660140625 0.276875 0.028562499999999956 0.018234374999999935
6 0.6773281250000001 0.360796875 0.014640624999999829 0.04120312500000001
6 0.8689843749999999 0.35181250000000003 0.018687500000000058 0.014687499999999964
6 0.9548906250000002 0.34246875 0.02854687499999997 0.018421874999999942
8 0.9201406249999999 0.32765625 0.03862500000000004 0.06154687499999998
8 0.95 0.4671875 0.1 0.36875
8 0.8811875 0.45821875 0.07782812499999991 0.31557812500000004
8 0.7872031249999999 0.506453125 0.14792187500000012 0.671125
8 0.649234375 0.333578125 0.0790156249999999 0.22770312500000003
8 0.5788593750000001 0.494765625 0.17067187500000003 0.48170312499999995
8 0.49932812500000007 0.4229375 0.08389062500000008 0.29703125
8 0.477125 0.40815625000000005 0.053156249999999974 0.2694375000000001
8 0.372640625 0.5590468749999999 0.18987499999999996 0.6317656249999999
8 0.23931249999999996 0.439609375 0.1400312500000002 0.3909218750000001
8 0.10862499999999997 0.386125 0.08176562499999998 0.27614062500000003
8 0.065625 0.32265625 0.13125 0.2203125
8 0.07890625 0.54296875 0.1578125 0.5828125
8 0.71640625 0.61171875 0.1984375 0.7765625