7 0.20625 0.3875 0.0625 0.165625
7 0.25546875 0.3851875 0.04676562500000001 0.14621874999999998
7 0.29890625000000004 0.390765625 0.035640625 0.128984375
7 0.33775 0.379125 0.05223437500000001 0.09857812500000004
7 0.40434374999999995 0.40309375000000003 0.06756250000000001 0.118125
7 0.53790625 0.400421875 0.09176562500000003 0.19089062500000006
7 0.682453125 0.401765625 0.08965624999999999 0.19784375
1 0.8159375000000001 0.49448437500000003 0.01715625000000003 0.011125000000000006
1 0.70521875 0.47784375 0.02582812499999996 0.04885937499999997
1 0.621703125 0.40245312499999997 0.026406249999999964 0.05718750000000004
1 0.31642187499999996 0.790125 0.05078125 0.06974999999999998
1 0.265625 0.784375 0.05 0.08125
11 0.245765625 0.565828125 0.14153124999999997 0.13534375
11 0.40504687500000003 0.6364687499999999 0.09824999999999999 0.27378125000000003
4 0.459140625 0.5669375000000001 0.009515624999999871 0.02678124999999998
2 0.4685 0.5346093749999999 0.026812500000000128 0.040234375
2 0.5612812500000001 0.524875 0.046187499999999916 0.05628124999999997
11 0.53325 0.6879375 0.11656249999999986 0.19490625
10 0.5562343750000001 0.773171875 0.04178125000000001 0.10365625000000005
8 0.469140625 0.618421875 0.03237500000000004 0.21070312500000005
8 0.53203125 0.66171875 0.1203125 0.3265625
8 0.37092187499999996 0.66228125 0.15979687499999998 0.32542187499999997
8 0.24609375 0.66171875 0.1421875 0.3265625
8 0.402125 0.385953125 0.07446874999999994 0.1705
8 0.8151093750000001 0.4604218749999999 0.01976562500000014 0.07934374999999996
8 0.6686875 0.36306249999999995 0.13317187500000002 0.27528125000000003
8 0.536109375 0.354875 0.14356249999999998 0.28446874999999994
4 0.5872499999999999 0.31828124999999996 0.03989062499999996 0.04651562499999997
4 0.70740625 0.29279687499999996 0.03018750000000008 0.03104687500000001
4 0.220125 0.291875 0.03574999999999999 0.027812500000000018
4 0.26815625 0.307203125 0.026718750000000034 0.030015625000000056
4 0.28990625000000003 0.32175000000000004 0.013375000000000003 0.029296875
4 0.313828125 0.326234375 0.02145312499999994 0.022640625000000015
4 0.344625 0.32371875 0.023406250000000028 0.02045312500000005
4 0.41001562499999994 0.33964062500000003 0.023484374999999957 0.023890624999999943
5 0.41968750000000005 0.306640625 0.02578125 0.01470312499999995
5 0.34571874999999996 0.28859375 0.02982812500000005 0.014124999999999943
5 0.31292187499999996 0.290140625 0.028156249999999973 0.014374999999999982
5 0.26846875 0.26228125 0.03443750000000003 0.021156249999999942
5 0.21709375 0.24453125 0.039640625000000006 0.01974999999999998