8 0.6390156250000001 0.43671875 0.03296875000000003 0.09628125000000001
8 0.675921875 0.42603125 0.029328124999999972 0.08848437499999999
8 0.566703125 0.522421875 0.18860937500000005 0.26765625
8 0.38828125 0.52265625 0.1859375 0.2671875
8 0.262296875 0.511203125 0.13821874999999997 0.29007812499999996
6 0.290375 0.42784374999999997 0.039484374999999974 0.02959374999999991
5 0.279984375 0.375625 0.058109375 0.027078124999999974
5 0.42567187500000003 0.41451562500000005 0.09132812499999994 0.047765625000000034
5 0.5709375 0.409171875 0.08429687500000008 0.04389062500000005
5 0.633421875 0.391953125 0.008203125 0.006734375000000003
5 0.675109375 0.384984375 0.010046874999999922 0.00639062500000005
7 0.676171875 0.4056875 0.02168749999999999 0.027406249999999986
7 0.63453125 0.42078125 0.019921875 0.034500000000000065
7 0.5647187499999999 0.586953125 0.12349999999999994 0.13859375000000007
7 0.400953125 0.592734375 0.13835937499999998 0.12703124999999993
7 0.26515625 0.535859375 0.10453124999999996 0.18721875000000007
4 0.431421875 0.497921875 0.08245312499999997 0.07056249999999994
4 0.588359375 0.482484375 0.06753125000000004 0.05870312500000008