6 0.22170312499999997 0.290796875 0.02667187499999999 0.02073437499999997
6 0.25720312500000003 0.27275 0.023671874999999964 0.012593750000000004
4 0.366375 0.301703125 0.03729687500000001 0.02609374999999998
4 0.501625 0.33381249999999996 0.04048437500000013 0.016312499999999997
4 0.723796875 0.30778125 0.02759374999999995 0.02017187500000004
4 0.7248281249999999 0.362375 0.034187499999999996 0.02243750000000002
4 0.774359375 0.431515625 0.046484375 0.025859375000000108
4 0.796203125 0.57503125 0.03259375000000002 0.026703124999999873
4 0.55125 0.65790625 0.05089062500000008 0.03292187500000008
4 0.41764062499999993 0.7087656250000001 0.04518750000000007 0.03265624999999996
4 0.283078125 0.610375 0.027734375 0.020875000000000022
4 0.247953125 0.6439375 0.046296874999999994 0.02965625000000003
4 0.202984375 0.687140625 0.030374999999999996 0.046140624999999956
6 0.232359375 0.496671875 0.038124999999999964 0.021296874999999993
4 0.214453125 0.43484375000000003 0.040156249999999984 0.026156250000000013
4 0.339984375 0.39240624999999996 0.03770312499999999 0.028250000000000063
4 0.491375 0.39587500000000003 0.042984374999999984 0.025109374999999944
4 0.50384375 0.471671875 0.03646874999999987 0.027015624999999942
4 0.345265625 0.5055 0.03204687499999999 0.0307500000000001
4 0.5114531250000001 0.620328125 0.033828124999999966 0.0268437500000001
4 0.5999375 0.5018125 0.029875000000000006 0.02335937500000007
4 0.611046875 0.395125 0.03728125000000002 0.02873437499999998
4 0.673265625 0.39495312499999996 0.043296875000000054 0.033312499999999946
5 0.7714218749999999 0.38921875 0.053749999999999964 0.03995312499999999
5 0.725875 0.27937500000000004 0.039953125000000075 0.01928124999999996
5 0.72040625 0.329 0.03887499999999999 0.021468750000000016
5 0.672015625 0.353078125 0.04574999999999996 0.02525000000000004
5 0.6112656249999999 0.356296875 0.04595312499999995 0.023453124999999984
5 0.79209375 0.523828125 0.04081250000000001 0.04273437500000003
5 0.596328125 0.459453125 0.04895312500000006 0.03898437500000007
5 0.516109375 0.5755156250000001 0.05298437499999995 0.03754687499999996
5 0.5586249999999999 0.6120468750000001 0.06237500000000011 0.0333124999999999
5 0.5088125 0.30121875 0.05154687500000001 0.030062500000000013
5 0.36934374999999997 0.271796875 0.04235937500000002 0.012328124999999978
5 0.3401875 0.351 0.043265624999999995 0.027640624999999995
5 0.19814062500000001 0.376609375 0.02128125000000001 0.024593750000000015
5 0.211125 0.39968750000000003 0.041718749999999985 0.024687500000000064
5 0.23935937499999999 0.45609374999999996 0.06362500000000004 0.035531250000000014
5 0.24415625 0.59546875 0.05021874999999998 0.02318749999999987
5 0.273140625 0.5676249999999999 0.029234375000000055 0.0217656250000001
5 0.20398437500000002 0.630484375 0.03237500000000002 0.03728125000000002
5 0.36225 0.45962499999999995 0.05614062500000001 0.029453125000000035
5 0.50059375 0.43053125000000003 0.044984374999999945 0.027171874999999977
5 0.49989062500000003 0.35575 0.05345312499999988 0.032218750000000004
7 0.222328125 0.35560937500000006 0.069046875 0.11912500000000006
7 0.2708125 0.326765625 0.073921875 0.09926562500000005
7 0.371453125 0.369203125 0.08934375000000001 0.11668749999999997
7 0.534859375 0.368375 0.02962499999999988 0.0640625
7 0.415625 0.29140625 0.05 0.0515625
7 0.519515625 0.2985 0.08120312500000004 0.06410937500000005
7 0.61103125 0.30790625 0.07507812499999993 0.08292187499999999
7 0.801546875 0.30789062500000003 0.02190624999999997 0.08125
7 0.723609375 0.404859375 0.05679687500000004 0.06303125000000005
7 0.7661875 0.500375 0.09262499999999996 0.1208124999999999
7 0.7734375 0.6515625 0.078125 0.165625
7 0.675921875 0.4913125 0.1078125 0.15532812499999996
7 0.588921875 0.43274999999999997 0.05717187500000005 0.05301562499999992
7 0.609015625 0.5942031249999999 0.09900000000000002 0.15385937500000005
7 0.5639218749999999 0.7047656250000001 0.11901562500000011 0.05920312499999998
7 0.4958125 0.6633281249999999 0.05681250000000002 0.07337500000000005
7 0.427109375 0.7269687499999999 0.09539062499999998 0.014796875000000043
7 0.37271875000000004 0.596671875 0.07707812500000007 0.150578125
7 0.240125 0.557921875 0.10134375000000002 0.10760937500000001
7 0.29646875 0.639953125 0.05121874999999996 0.031562499999999896
7 0.267015625 0.691171875 0.08934375000000001 0.08640624999999993
7 0.21759374999999997 0.7203906250000001 0.059578124999999996 0.027953124999999978
5 0.42315625 0.6616562500000001 0.046374999999999965 0.027250000000000087
8 0.41859375 0.311046875 0.05862499999999997 0.08920312500000005
8 0.32385937499999995 0.299671875 0.04676562500000001 0.06645312500000004
8 0.37634375 0.35603125 0.130359375 0.17918750000000006
8 0.27156250000000004 0.34010937500000005 0.08200000000000003 0.14896875000000004
8 0.23390624999999998 0.35545312500000004 0.09220312499999998 0.17965625000000002
8 0.198671875 0.40159374999999997 0.02232812500000001 0.08115625000000004
8 0.2125 0.4515625 0.05 0.128125
8 0.260859375 0.54025 0.14281249999999998 0.20384375000000005
8 0.30109375 0.64596875 0.10159374999999997 0.17681250000000012
8 0.28228125 0.65871875 0.134671875 0.15131249999999988
8 0.223046875 0.6722812499999999 0.07048437500000002 0.12417187500000004
8 0.338671875 0.43237500000000006 0.12740625 0.19534374999999998
8 0.36328125 0.5875 0.1359375 0.29375
8 0.42209375 0.690375 0.11989062500000003 0.08800000000000008
8 0.5658593749999999 0.6652968749999999 0.17225000000000001 0.13815625000000012
8 0.49890625 0.631609375 0.09425000000000008 0.1497343749999999
8 0.48792187499999995 0.5190625 0.12492187500000007 0.20587499999999997
8 0.486515625 0.446890625 0.14020312500000004 0.22107812500000001
8 0.50434375 0.357328125 0.11828125000000007 0.14392187500000003
8 0.51090625 0.314046875 0.12482812499999998 0.09684375000000003
8 0.612421875 0.327078125 0.12062500000000007 0.12290624999999995
8 0.605078125 0.41746875 0.10264062500000008 0.14248437499999994
8 0.6109375 0.58671875 0.14375 0.2953125
8 0.7349375 0.6171875 0.15512499999999996 0.234375
8 0.750828125 0.46864062500000003 0.12334375000000009 0.19715624999999998
8 0.6775781249999999 0.530109375 0.11606249999999996 0.3842187500000001
8 0.722640625 0.37853125 0.07295312500000009 0.12548437499999995
8 0.687734375 0.299390625 0.042640624999999946 0.06751562500000005
8 0.7220625 0.325125 0.08989062499999996 0.11242187500000007
8 0.772046875 0.2870625 0.020468750000000036 0.04285937500000001
8 0.7921875 0.32578125 0.040625 0.1203125