6 0.5081562500000001 0.57346875 0.13254687500000006 0.08184374999999999
6 0.336125 0.388171875 0.020265625000000044 0.013328124999999958
6 0.00625 0.45546875 0.0125 0.0296875
5 0.009828124999999998 0.40196875 0.019640625000000002 0.033093750000000054
5 0.17781249999999998 0.325578125 0.029156249999999995 0.018359375
5 0.333984375 0.36 0.034218749999999964 0.019484375000000043
5 0.499015625 0.34146875 0.18717187499999993 0.10482812499999997
8 0.6194843750000001 0.371859375 0.05831250000000008 0.07964062500000005
8 0.33910937499999994 0.4515625 0.12517187500000002 0.20521875000000006
8 0.18467187499999999 0.417203125 0.07931249999999998 0.21200000000000005
8 0.040625 0.48125 0.08125 0.19375
8 0.5140625 0.58203125 0.58125 0.5859375
7 0.5203125 0.7328125 0.35625 0.284375
7 0.025453125 0.5095468750000001 0.05090625 0.07640624999999997
7 0.18015624999999996 0.42737499999999995 0.059859375000000006 0.11515625000000003
7 0.34146875 0.40114062500000003 0.059578124999999996 0.03926562499999999
4 0.17384375000000002 0.352109375 0.023828125 0.014125000000000032