5 0.1199375 0.334796875 0.07164062499999999 0.044578124999999955
2 0.284125 0.3286875 0.08529687499999997 0.05248437500000005
2 0.54909375 0.282765625 0.083984375 0.05214062500000001
2 0.8200312500000001 0.29459375 0.09237499999999983 0.05348437500000003
6 0.816640625 0.35796875 0.04985937500000013 0.028437499999999984
6 0.5489531249999999 0.34878125 0.05245312500000008 0.03239062499999994
6 0.30065624999999996 0.40073437500000003 0.05362499999999999 0.03137499999999993
6 0.11937500000000001 0.399953125 0.045953125 0.029812499999999974
11 0.10882812500000001 0.47684375 0.16550000000000004 0.19476562499999997
7 0.29121874999999997 0.48178125000000005 0.112890625 0.1510781250000001
11 0.5550312500000001 0.4676875 0.19184374999999995 0.236734375
7 0.825015625 0.483 0.16482812500000002 0.24054687500000002
8 0.7888437500000001 0.5245468750000001 0.293375 0.5133906249999999
8 0.535921875 0.51896875 0.2853125 0.5245468750000001
8 0.3046875 0.5375 0.221875 0.4875
8 0.1 0.5453125 0.196875 0.471875
1 0.28096875 0.592765625 0.07004687499999998 0.07170312499999998
1 0.324359375 0.5917656250000001 0.04967187500000003 0.07640624999999997