2 0.9609375 0.3484375 0.078125 0.140625
2 0.35257812499999996 0.446796875 0.20353125 0.146671875
11 0.93671875 0.7296875 0.1265625 0.384375
2 0.6678750000000001 0.14528124999999997 0.19556250000000014 0.12859375
2 0.0328125 0.14765625 0.065625 0.1265625
11 0.6786875 0.53925 0.36996874999999996 0.5055781249999999
11 0.37718749999999995 0.7873281249999999 0.3954687499999999 0.26909375
11 0.07265625 0.52265625 0.1453125 0.4078125
6 0.02265625 0.2828125 0.0453125 0.059375
6 0.35062499999999996 0.6087343749999999 0.10968750000000008 0.06470312499999994
6 0.6723437499999999 0.28365625 0.11771874999999987 0.06732812499999996
6 0.9765625 0.51171875 0.046875 0.0765625
8 0.83046875 0.6015625 0.3390625 0.640625
8 0.6815468750000001 0.5017343750000001 0.5319375000000001 0.84028125
8 0.3171875 0.64921875 0.453125 0.5453125
8 0.09296875 0.50390625 0.1859375 0.8359375