8 0.23515625 0.60546875 0.3390625 0.7890625
8 0.4229374999999999 0.24840625000000002 0.07314062499999992 0.12962500000000005
8 0.22248437499999998 0.26059374999999996 0.031593750000000045 0.08107812499999997
7 0.22043750000000006 0.278734375 0.0327031250000001 0.04443750000000009
7 0.4305781250000001 0.27456250000000004 0.031125000000000114 0.04651562499999997
5 0.42128125 0.19428124999999996 0.0541875000000001 0.03698437499999996
5 0.21929687500000003 0.24365625 0.03564062499999991 0.026374999999999992
5 0.310953125 0.26703124999999994 0.19290625000000006 0.11478125000000006
5 0.45598437500000005 0.37318749999999995 0.22776562499999997 0.12918749999999993
5 0.779421875 0.20410937499999998 0.06734374999999986 0.04623437500000005
5 0.7909843750000001 0.355953125 0.2050625 0.11554687500000008
5 0.9514062499999998 0.16809375 0.06234375000000014 0.03670312499999997
4 0.9581875 0.23571875000000003 0.055093750000000344 0.052156249999999994
4 0.7714375 0.26346875000000003 0.04617187499999993 0.03475000000000002
4 0.80884375 0.483140625 0.12620312499999997 0.11471874999999994
4 0.28156250000000005 0.40207812499999995 0.128921875 0.12446874999999995
4 0.392953125 0.5405625000000001 0.16940625000000012 0.15665625
7 0.20498437500000008 0.71478125 0.22576562500000003 0.52071875
7 0.39140625 0.821875 0.4453125 0.35625
7 0.7484375 0.76171875 0.325 0.4765625
7 0.9248749999999999 0.33589062500000005 0.07701562499999995 0.09626562500000002