4 0.33659375 0.609328125 0.263109375 0.2603281250000002
4 0.0671875 0.2921875 0.134375 0.2125
4 0.863453125 0.42807812500000003 0.24392187499999984 0.15824999999999995
5 0.835140625 0.761390625 0.22895312499999995 0.08526562500000026
5 0.8078125 0.146875 0.384375 0.234375
5 0.23767187500000003 0.267421875 0.409015625 0.24317187499999982
5 0.1109375 0.06640625 0.2 0.1328125
8 0.08671875 0.17890625 0.1734375 0.3578125
8 0.32890625 0.5703125 0.6578125 0.859375
8 0.81015625 0.2265625 0.3796875 0.44375
8 0.69296875 0.5 0.6140625 1