22 0.0203125 0.5734375 0.040625 0.03125
22 0.14231249999999998 0.550015625 0.056218750000000026 0.026640624999999928
22 0.08854687500000002 0.5630625 0.05192187500000003 0.023984375000000037
14 0.6222031250000001 0.535671875 0.052796874999999945 0.032468749999999956
22 0.5685156250000001 0.548203125 0.0573125000000001 0.029625000000000058
1 0.663171875 0.695078125 0.014453125 0.024125000000000084
6 0.68234375 0.6045 0.0147343750000001 0.011265625000000057
2 0.684375 0.5840468750000001 0.033421875000000156 0.03431250000000006
8 0.669109375 0.6848124999999999 0.06539062499999986 0.23584375000000007
7 0.41673437500000005 0.569984375 0.043968750000000154 0.05856250000000003
2 0.4145781250000001 0.525109375 0.0270624999999999 0.021328124999999965
8 0.41389062499999996 0.614515625 0.06787500000000009 0.20339062499999994