1 0.990625 0.7125 0.01875 0.025
6 0.9921875 0.62578125 0.015625 0.0296875
2 0.9660781249999999 0.6155781250000001 0.035546875 0.04921875
2 0.12128125000000001 0.16143749999999998 0.051999999999999956 0.037171875000000035
2 0.6754374999999999 0.196671875 0.05093749999999986 0.04289062499999998
8 0.97421875 0.74609375 0.0515625 0.3140625
1 0.6330625 0.333296875 0.028046875000000072 0.04317187499999999
1 0.70528125 0.338328125 0.016250000000000143 0.03915624999999991
11 0.6613906249999999 0.27545312499999997 0.07064062500000005 0.09623437499999996
6 0.674015625 0.230421875 0.02089062499999983 0.015546874999999983
8 0.66134375 0.32873437499999997 0.10181250000000013 0.31059374999999995
1 0.15843749999999995 0.34018750000000003 0.019593749999999945 0.03529687500000005
1 0.11203124999999999 0.309796875 0.030562499999999916 0.032546874999999975
6 0.11921875000000001 0.19696875 0.021499999999999984 0.01782812500000004
11 0.11257812500000001 0.258171875 0.07854687499999997 0.12906249999999994
8 0.11100000000000003 0.301609375 0.11384375000000002 0.3180625