2 0.49098437500000003 0.175921875 0.10532812500000013 0.11076562499999998
2 0.713328125 0.09984375000000001 0.12592187499999988 0.09253124999999997
6 0.69909375 0.192 0.039406250000000045 0.035781249999999966
6 0.4664999999999999 0.25125000000000003 0.0295781250000001 0.03375000000000004
1 0.3932812500000001 0.5015 0.07062500000000008 0.04765625
1 0.494109375 0.490390625 0.05353124999999999 0.04328125000000007
1 0.6940937500000001 0.54 0.06959374999999994 0.07106250000000003
11 0.39917187500000006 0.37446875 0.21632812500000007 0.31142187500000007
11 0.80159375 0.34946875000000005 0.21762499999999996 0.3328749999999999
8 0.7825156249999999 0.5120625000000001 0.26875 0.921453125
8 0.40412499999999996 0.5026875000000001 0.275359375 0.777703125