2 0.40981249999999997 0.24679687499999997 0.08584375000000008 0.08734374999999997
2 0.07437500000000004 0.23137500000000003 0.10693750000000009 0.0654375
2 0.173140625 0.350421875 0.032140625000000075 0.04014062500000008
2 0.76365625 0.45149999999999996 0.04353124999999984 0.041390625000000014
2 0.9890625 0.26484375 0.021875 0.0265625
1 0.9890625 0.40546875 0.021875 0.0328125
1 0.784390625 0.58015625 0.01801562499999996 0.02190624999999997
2 0.49450000000000005 0.47462499999999996 0.03201562500000001 0.03407812499999992
7 0.46753125000000006 0.506859375 0.031625000000000014 0.05389062500000001
7 0.7649374999999999 0.5088125 0.07285937500000017 0.08010937499999997
7 0.35728124999999994 0.39971875 0.12362500000000014 0.18335937500000005
7 0.14929687500000002 0.405359375 0.024624999999999987 0.04287500000000009
8 0.479515625 0.49415624999999996 0.06006250000000009 0.07314062499999992
8 0.7586875 0.5118125 0.11840624999999996 0.1620156249999999
8 0.984375 0.40234375 0.03125 0.2921875
6 0.987859375 0.29928125 0.018734375000000015 0.018203124999999966
6 0.7632031250000001 0.490421875 0.020296875000000013 0.016562500000000036
6 0.39370312500000004 0.30481250000000004 0.040234375 0.029265625000000028
6 0.07542187499999997 0.304734375 0.059921875000000034 0.03803124999999996
8 0.3745625 0.5109375 0.17607812500000009 0.6200937500000002
8 0.163484375 0.39079687500000004 0.04854687500000008 0.120890625
8 0.07890625 0.52890625 0.1578125 0.6703125
1 0.14418749999999997 0.5424375 0.03100000000000005 0.071484375
11 0.0703125 0.4296875 0.140625 0.2625