22 0.40306250000000005 0.510921875 0.15242187499999993 0.14684375000000002
22 0.71721875 0.49393750000000003 0.16979687500000012 0.08942187500000003
3 0.532 0.7758593749999999 0.2640625 0.14768749999999997
11 0.561484375 0.45665625 0.17571875000000006 0.266
11 0.16295312500000003 0.43053125000000003 0.11304687500000003 0.17356250000000006
1 0.17117187500000003 0.452265625 0.05134375000000002 0.040687499999999946
1 0.17142187499999997 0.1915 0.018374999999999985 0.02798437500000004
1 0.49678125000000006 0.07621875 0.04184374999999996 0.04142187499999998
1 0.5641562499999999 0.084984375 0.047140625000000116 0.06729687499999999
6 0.563125 0.301984375 0.053999999999999916 0.043656249999999994
6 0.14642187499999998 0.31439062500000003 0.013015625000000064 0.02609374999999998
2 0.17446875000000003 0.278328125 0.08248437499999994 0.06781249999999997
2 0.55425 0.23090625 0.07418750000000003 0.05778125000000003
8 0.53828125 0.52578125 0.2140625 0.9484375
8 0.17581249999999998 0.512703125 0.12670312500000006 0.6738593749999999