19 0.6950156249999999 0.50478125 0.18445312499999994 0.08625000000000008
21 0.412875 0.5154375 0.39856249999999993 0.13884375000000002
2 0.19524999999999998 0.299421875 0.057062499999999974 0.04770312499999996
2 0.515203125 0.25678125 0.10607812500000016 0.07604687500000003
1 0.5634375 0.15187499999999998 0.05196874999999999 0.05089062499999999
1 0.41285937500000003 0.159328125 0.09456249999999997 0.03742187499999998
1 0.15999999999999998 0.21603124999999998 0.029187499999999922 0.037171875000000035
1 0.06340624999999997 0.418953125 0.034859374999999915 0.033937500000000044
11 0.16124999999999998 0.44425 0.12542187499999996 0.1669062500000001
11 0.50253125 0.49245312500000005 0.20003124999999997 0.29457812499999997
6 0.183609375 0.34165625000000005 0.046484375 0.02706250000000008
8 0.48515625 0.56171875 0.2515625 0.8765625
8 0.13904687500000001 0.52003125 0.17959375000000008 0.6476875