2 0.05240625000000003 0.14768750000000003 0.031828125000000006 0.029734375000000045
2 0.990625 0.05078125 0.01875 0.0359375
2 0.837875 0.03774999999999999 0.04415624999999999 0.03057812499999999
11 0.98515625 0.103125 0.0296875 0.065625
11 0.8588281249999999 0.12359374999999999 0.09584374999999987 0.10851562499999998
1 0.80903125 0.22014062499999998 0.021624999999999873 0.03207812499999996
1 0.950609375 0.10489062499999999 0.019624999999999913 0.01640625
1 0.948453125 0.06575 0.020953125000000128 0.024078124999999995
1 0.04265625000000002 0.218546875 0.012312499999999994 0.015218750000000014
1 0.02809375000000003 0.2250625 0.014468749999999985 0.01849999999999996
11 0.0203125 0.18515625 0.040625 0.0703125
8 0.034375 0.21953125 0.06875 0.1765625
8 0.8815 0.193015625 0.15876562499999985 0.33915625
8 0.96953125 0.1203125 0.0609375 0.175