1 0.32662499999999994 0.12375 0.06460937499999994 0.06623437500000003
1 0.27004687499999996 0.152203125 0.05457812499999992 0.06065624999999999
1 0.24985937500000005 0.361515625 0.04232812500000005 0.04801562500000003
1 0.19057812500000004 0.277625 0.030015625000000056 0.058375000000000024
21 0.6423593750000001 0.5051875 0.15231250000000002 0.160375
19 0.802125 0.496 0.184375 0.088875
11 0.513796875 0.481421875 0.1858125000000001 0.30345312500000005
11 0.258375 0.44546875 0.10623437500000002 0.19093750000000007
2 0.49346875000000007 0.244109375 0.09829687500000013 0.08509374999999997
2 0.285640625 0.28893749999999996 0.041999999999999996 0.046609374999999974
8 0.24535937499999996 0.5467500000000001 0.1426874999999999 0.5966250000000001
8 0.43671875 0.54296875 0.3921875 0.9140625