8 0.39573437499999997 0.6491875 0.22145312500000003 0.5015000000000001
8 0.13446875 0.677671875 0.24803125 0.3441875
8 0.06484375 0.575 0.1296875 0.334375
1 0.11710937499999999 0.6085625 0.022140624999999935 0.04065624999999997
7 0.07101562499999999 0.52578125 0.08068749999999998 0.10671874999999993
7 0.19753125000000002 0.627390625 0.09106249999999996 0.09485937500000005
7 0.349640625 0.605171875 0.11956249999999997 0.197484375
6 0.060484374999999965 0.47223437500000004 0.03574999999999999 0.01801562499999996
6 0.14928125000000003 0.5678124999999999 0.016640624999999964 0.012468750000000028
6 0.41003124999999996 0.49725 0.03264062500000016 0.03309374999999992
2 0.05589062499999997 0.4290625 0.05964062499999993 0.040124999999999925
2 0.16529687500000004 0.536875 0.07992187499999996 0.060890625000000045
2 0.39243749999999994 0.43248437500000003 0.11875 0.06899999999999995