4 0.33031249999999995 0.20003125000000002 0.05031250000000007 0.04068750000000003
4 0.27896875000000004 0.20715625000000001 0.023109374999999942 0.013265625000000014
4 0.12306249999999999 0.3030625 0.049843749999999964 0.05926562500000001
2 0.12609374999999998 0.25203125000000004 0.08715624999999996 0.07696874999999999
2 0.4707968749999999 0.23543750000000002 0.0838750000000001 0.08023437500000004
2 0.33348437499999994 0.14109375000000002 0.06706250000000002 0.055625000000000036
2 0.28428125 0.17117187500000003 0.04676562499999992 0.04806249999999999
11 0.333796875 0.25021875 0.15621875000000002 0.08898437499999998
11 0.58865625 0.36959375000000005 0.16334374999999995 0.22356250000000005
11 0.04921875 0.37109375 0.0984375 0.2109375
8 0.084375 0.47265625 0.16875 0.5234375
8 0.2551562499999999 0.22496875 0.09529687499999992 0.15046875
8 0.31573437500000007 0.2074375 0.20343750000000008 0.19353125000000002
8 0.5507031250000001 0.42579687499999996 0.24107812499999995 0.4635625000000001