1 0.68571875 0.505078125 0.06704687500000013 0.06818749999999998
1 0.47573437500000004 0.44525 0.06107812499999987 0.03756249999999994
1 0.36235937499999993 0.45739062500000005 0.053078125000000045 0.045296875000000014
2 0.731609375 0.08653124999999999 0.12982812499999988 0.10873437500000005
2 0.445890625 0.14743750000000003 0.11535937499999989 0.09818750000000004
11 0.3758437499999999 0.34857812499999996 0.19401562500000008 0.2890625
11 0.78746875 0.331890625 0.19926562499999995 0.32553124999999994
6 0.4379687499999999 0.23323437500000002 0.05592187499999994 0.035296874999999964
6 0.71740625 0.17467187499999998 0.04768749999999997 0.03849999999999998
8 0.767 0.46587500000000004 0.23598437499999997 0.875515625
8 0.38131249999999994 0.49898437500000004 0.24587500000000015 0.80109375