1 0.432453125 0.4854375 0.059890624999999885 0.05609374999999996
1 0.298390625 0.42085937500000004 0.05596874999999999 0.034890625000000064
1 0.18856250000000002 0.43459375 0.07495312500000004 0.04250000000000007
6 0.46476562500000007 0.17896874999999998 0.022250000000000013 0.04543749999999998
6 0.21076562499999998 0.226109375 0.051156250000000014 0.03174999999999999
2 0.2125 0.14303125 0.10860937499999998 0.07868750000000002
2 0.47834374999999996 0.10735937499999999 0.11756250000000001 0.10109375000000002
11 0.51796875 0.34054687499999997 0.19396875000000016 0.30893750000000003
11 0.179875 0.34754687500000003 0.19109374999999992 0.2604218749999999
8 0.5293749999999999 0.48023437500000005 0.2544843749999998 0.8510937500000001
8 0.19810937500000003 0.448421875 0.25131250000000005 0.69059375