2 0.05784374999999997 0.15132812499999998 0.03270312499999992 0.03145312499999999
6 0.051265625 0.16506249999999997 0.016171875000000037 0.019859374999999967
1 0.061875000000000034 0.214484375 0.010265625000000079 0.009203124999999979
1 0.033546875000000045 0.22418749999999998 0.014421875000000028 0.015953124999999967
11 0.0203125 0.1875 0.040625 0.071875
2 0.99140625 0.0515625 0.0171875 0.0375
2 0.8197812499999999 0.055859375 0.03874999999999993 0.03570312499999999
11 0.98515625 0.09921875 0.0296875 0.0671875
11 0.8631718749999999 0.12740625000000003 0.10187500000000008 0.104484375
1 0.79265625 0.181 0.02503124999999997 0.03767187500000002
8 0.97734375 0.11953125 0.0453125 0.1765625
8 0.869375 0.19725 0.18082812500000003 0.3198437500000001
8 0.0359375 0.221875 0.071875 0.178125