21 0.93984375 0.5625 0.1203125 0.175
1 0.61271875 0.26623437499999997 0.036890624999999844 0.04098437500000003
1 0.6806875 0.268578125 0.04214062500000004 0.05987499999999999
1 0.7605000000000001 0.16085937499999997 0.06540624999999985 0.051953125
1 0.665046875 0.188140625 0.07335937500000007 0.021171875000000017
2 0.7888125 0.30453125000000003 0.11351562500000015 0.11139062500000003
6 0.73065625 0.3448125 0.03981250000000003 0.07029687500000001
2 0.632109375 0.339625 0.05579687500000006 0.05423437500000006
11 0.641328125 0.479390625 0.10546875 0.18889062499999998
11 0.7379843749999999 0.551171875 0.2135625000000001 0.3239374999999999
8 0.740625 0.57109375 0.225 0.8578125
8 0.6473125 0.55578125 0.15153125000000003 0.631453125